-0.00021639336223400196,0.793310095971895,-0.6088177435020894,-0.5492842337244033,
0.9999999745170952,0.00021083878646077636,-8.070201521281906e-05,1.8532705734433605e-05,
6.434067078214811e-05,-0.6088177454510251,-0.793310121380163,0.4789531325499637,
0.0,0.0,0.0,1.0,
0.00017336961377734106,0.7887584735121933,-0.6147032132709997,-0.545454894106843,
0.9999999604858774,-7.163540969301607e-07,0.0002811187136028681,1.2152276508924855e-06,
0.0002212944222517721,-0.6147032377189843,-0.7887584424692878,0.4810761952223725,
0.0,0.0,0.0,1.0,
0.0001240191103010213,0.7836932230932754,-0.6211480634252471,-0.5416455580253702,
0.9999999892108866,-4.829359962765789e-05,0.0001387297929263398,-2.130038915630696e-05,
7.872412267279083e-05,-0.6211480739287554,-0.7836932206272491,0.4833462693576025,
0.0,0.0,0.0,1.0,
0.00011901988679863251,0.7790106755692515,-0.6270106483811936,-0.5378436063276983,
0.9999999909519793,-0.0001320264198803045,2.5788868529441622e-05,-5.348165890167521e-06,
-6.269216723731041e-05,-0.6270106457773765,-0.7790106842345165,0.48528827925375323,
0.0,0.0,0.0,1.0,
4.0212997421740226e-05,0.7737278832125449,-0.6335180827114166,-0.533996158513489,
0.9999999943288045,3.136171347384309e-05,0.00010177835666147494,-3.273363270860983e-05,
9.86169650470381e-05,-0.6335180832114246,-0.7737278775634343,0.4876213362508716,
0.0,0.0,0.0,1.0,
8.422967702481632e-05,0.7688322262378438,-0.6394505460186288,-0.5301980028876265,
0.9999999943569045,-0.00010615792697277193,4.084821317640319e-06,-1.8157049724625566e-05,
-6.474220209951032e-05,-0.6394505427542114,-0.7688322308408979,0.48957191813298917,
0.0,0.0,0.0,1.0,
6.911915268970059e-05,0.7637706888291401,-0.64548766843992,-0.5263188184847911,
0.9999999966560956,-2.457848171089072e-05,7.799812608810797e-05,-2.991054209120074e-05,
4.3707575636098284e-05,-0.6454876716726351,-0.7637706879740072,0.4916368059918906,
0.0,0.0,0.0,1.0,
0.00012186653155177307,0.7586857830332703,-0.6514567274744673,-0.5224498944730138,
0.999999990903607,-5.480141943314809e-05,0.00012324605648100784,8.519927738035575e-06,
5.780427750212702e-05,-0.6514567365681303,-0.758685782810425,0.49359569853462515,
0.0,0.0,0.0,1.0,
0.0001557574540409501,0.753634718593644,-0.6572934555203596,-0.5185915841062523,
0.999999987745762,-0.00012773720818082257,9.050791041836925e-05,7.821478862043331e-06,
-1.57509273651657e-05,-0.6572934615630106,-0.7536347292544469,0.495546899821318,
0.0,0.0,0.0,1.0,
0.0001317862871974551,0.748415366044659,-0.6632302937144943,-0.5146788034025153,
0.9999999909724534,-0.00011602052701209509,6.778149496622365e-05,-5.296081681274688e-06,
-2.6219615841094335e-05,-0.6632302966598231,-0.7484153745782184,0.4975092117794472,
0.0,0.0,0.0,1.0,
5.498907464174252e-05,0.7431397381986091,-0.6691362540516725,-0.51074991886067,
0.999999998252918,-5.537673984379321e-05,2.0678028596010645e-05,-1.721759761800857e-05,
-2.1687919503354802e-05,-0.6691362540197023,-0.7431397399453986,0.4994235261465214,
0.0,0.0,0.0,1.0,
9.683418553119161e-05,0.7377804987700343,-0.6750406848907556,-0.5067964722333216,
0.9999999890741533,3.953458591721137e-06,0.00014777030682361358,-2.628369100694028e-05,
0.00011169079606709875,-0.6750406918245817,-0.7377804903263274,0.5013757922189057,
0.0,0.0,0.0,1.0,
0.00020009375092988613,0.7326776648198853,-0.6805757852264293,-0.5028687983891555,
0.999999979961672,-0.00014234605504837017,0.0001407631211551852,2.1208509795764208e-05,
6.256716712282895e-06,-0.6805757997546493,-0.7326776786208059,0.5030522652897282,
0.0,0.0,0.0,1.0,
0.00023459482253485042,0.7270706570398837,-0.6865626006686216,-0.49890803842116505,
0.9999999577305176,-5.263754934015097e-05,0.00028595148474969134,1.3085513246838605e-05,
0.0001717679611306644,-0.6865626387307138,-0.7270706386554797,0.5050516738184516,
0.0,0.0,0.0,1.0,
0.000135357055556673,0.7219072634176884,-0.6919898010110064,-0.49498966804039446,
0.9999999891230653,-0.0001382562635310336,5.137193232634951e-05,5.414162258336186e-06,
-5.858615320714078e-05,-0.6919898004378318,-0.7219072742795106,0.5066518437123791,
0.0,0.0,0.0,1.0,
-1.6113641123527422e-05,0.7162961505569424,-0.6977964061512902,-0.49097200929697843,
0.9999999892428669,0.00011327361955326687,9.3184510728761e-05,-4.2321769006857105e-05,
0.00014578963096262276,-0.6977963971434598,-0.7162961446769001,0.5085530108271791,
0.0,0.0,0.0,1.0,
5.1306907559944825e-05,0.7108117744539298,-0.703382270650361,-0.48694467515562423,
0.9999999976092854,-6.907670036548907e-05,3.1368084875693647e-06,-2.9795470935968304e-05,
-4.635764594523861e-05,-0.7033822691297142,-0.710811776298693,0.5101751801085888,
0.0,0.0,0.0,1.0,
0.00019742875511596925,0.7052971767459874,-0.7089117388617754,-0.48292980965740406,
0.9999999751263949,-6.567915498045807e-05,0.0002131512561339699,3.194431047887258e-05,
0.00010377425520707861,-0.708911763310772,-0.7052971721696577,0.5119040710967803,
0.0,0.0,0.0,1.0,
0.00027481198578727106,0.6996257083987683,-0.7145094769321775,-0.47890683015229557,
0.9999999558898067,-0.0001117483426740229,0.00027519573442746914,4.100801553789322e-05,
0.0001126887607750815,-0.7145095210421127,-0.6996257082479272,0.5135631253633204,
0.0,0.0,0.0,1.0,
0.00018514131028080083,0.6940676744083358,-0.7199097367476701,-0.47490488372140055,
0.9999999810267997,-0.00017210773858666872,9.124322890285974e-05,-3.134644402041284e-05,
-6.0573061088142754e-05,-0.7199097399815693,-0.6940676931039028,0.5151774795156002,
0.0,0.0,0.0,1.0,
-2.7146048676374157e-05,0.6882536972064915,-0.725470087284574,-0.4708092836887501,
0.9999999984759737,-1.619314799305993e-05,-5.278100817912579e-05,-3.731146623731659e-05,
-4.8074368509398724e-05,-0.7254700876117341,-0.6882536957179946,0.5168279759787088,
0.0,0.0,0.0,1.0,
0.0002512395565362757,0.6827992612450934,-0.7306059852764967,-0.46677030977915646,
0.9999999683278401,-0.0001606358028461985,0.00019375360169304745,2.0007297034687127e-05,
1.4933337090350385e-05,-0.7306060108151958,-0.6827992799774335,0.5182438128802298,
0.0,0.0,0.0,1.0,
0.0003208571771659008,0.6767283064913343,-0.7362327731390681,-0.4626802188826798,
0.9999999483986939,-0.00020541613291413796,0.0002469955909202848,5.9388507489517445e-05,
1.5914818771500805e-05,-0.7362328143988035,-0.6767283374805104,0.5199496067381328,
0.0,0.0,0.0,1.0,
-9.221523482294547e-05,0.671097957869987,-0.7413686818574705,-0.45859706927712124,
0.9999999934510836,0.00011213572488644186,-2.287819631224819e-05,-4.9687187987940055e-05,
6.778040372334981e-05,-0.7413686791120273,-0.6710979638156449,0.5213072031327551,
0.0,0.0,0.0,1.0,
-8.416448963133316e-05,0.6651156439063532,-0.7467403652859382,-0.45449456115453757,
0.9999999887597102,0.00014863789082031342,1.968140261215945e-05,-4.102807417506036e-05,
0.00012408432165766925,-0.7467403552358847,-0.6651156489402923,0.5229277921247726,
0.0,0.0,0.0,1.0,
0.000287599751434664,0.659352536027675,-0.7518338583226062,-0.45037943814226866,
0.9999999522940705,-0.00027435114036011843,0.00014192712442351318,1.613773219625279e-05,
-0.00011268646697237816,-0.7518338632738788,-0.6593525834759691,0.5241930033498308,
0.0,0.0,0.0,1.0,
7.917682261893155e-05,0.6533852117979851,-0.7570255997882325,-0.44622952090687107,
0.9999999952869648,-9.197144136163793e-06,9.665134745340254e-05,-5.545609193695699e-06,
5.618808757029692e-05,-0.7570256038728906,-0.6533852094467583,0.5257116087612024,
0.0,0.0,0.0,1.0,
0.0001644807095240175,0.6474682409335921,-0.7620924156088,-0.4421280759221335,
0.999999986061118,-0.00012837034845591955,0.00010676524508318463,-1.0291642980210179e-05,
-2.8702963520477187e-05,-0.762092422546907,-0.6474682530230548,0.5270025886106638,
0.0,0.0,0.0,1.0,
6.33022169598263e-05,0.6414233594641777,-0.7671871153287949,-0.4380032239023697,
0.9999999891165509,6.163615281307155e-05,0.0001340443321035112,3.1648968341233705e-06,
0.00013326562809157227,-0.7671871154644563,-0.641423348581574,0.5284040450567731,
0.0,0.0,0.0,1.0,
8.576452054054329e-05,0.6354233202673273,-0.7721639700898331,-0.4338394912202422,
0.9999999934837368,3.682452715869644e-06,0.00011410068291967113,2.650558396158375e-05,
7.534569209444175e-05,-0.7721639748439999,-0.6354233158109179,0.5296495381539329,
0.0,0.0,0.0,1.0,
3.287297427756464e-05,0.6294228610207163,-0.7770629710286443,-0.42967597662950036,
0.9999999979531754,-6.334472967872706e-05,-9.005250585614188e-06,-1.979061392099758e-05,
-5.489095443106384e-05,-0.7770629691421032,-0.6294228618147277,0.5308711688476396,
0.0,0.0,0.0,1.0,
0.00010937597649884889,0.6230891293951666,-0.7821508325549933,-0.42546329159963314,
0.9999999827041788,4.950628790867384e-05,0.00017927846983400997,-1.0537529126820012e-05,
0.00015042784999269587,-0.7821508386358099,-0.6230891132035299,0.5322269136427438,
0.0,0.0,0.0,1.0,
0.0001713311806801343,0.6170174851893689,-0.7869494225274031,-0.4212790149198292,
0.9999999828541261,-5.0418192144019436e-05,0.0001781846045046387,2.041942156697465e-05,
7.026644937846438e-05,-0.7869494395630463,-0.6170174832482734,0.5333752691203012,
0.0,0.0,0.0,1.0,
0.00010213233228040242,0.610562224192169,-0.791968282166968,-0.4170829548122051,
0.9999999900089033,1.5041026603102026e-05,0.00014055589904726773,-1.4432569454977617e-05,
9.773013834646349e-05,-0.7919682886096381,-0.6105622165558077,0.5346918368874637,
0.0,0.0,0.0,1.0,
7.43470149000558e-07,0.6046853674590208,-0.7964644413785188,-0.41290698675320503,
0.9999999942284278,-8.601887926251717e-05,-6.437310293683218e-05,-4.457593510809861e-05,
-0.00010743645202360153,-0.7964644367338074,-0.6046853640329882,0.5356047179626177,
0.0,0.0,0.0,1.0,
0.00015313345558398694,0.5982651287282297,-0.8012982043521248,-0.40871961958828995,
0.9999999876381591,-6.301550934206812e-05,0.0001440580688383264,5.255229648392181e-05,
3.569070461584278e-05,-0.8012982165067138,-0.598265130982354,0.5368181243351478,
0.0,0.0,0.0,1.0,
6.62237425372858e-05,0.5920575417192996,-0.8058956898431184,-0.4044875429442182,
0.9999999945762695,-0.0001039908357057806,5.776409636115698e-06,-3.776310792420224e-05,
-8.038579938940416e-05,-0.8058956858546931,-0.5920575453948014,0.537825911603417,
0.0,0.0,0.0,1.0,
-3.170630676674335e-05,0.585443625317198,-0.8107131185383437,-0.40021706151761643,
0.9999999994970135,1.7892120975360193e-05,-2.6188645646463282e-05,-4.620724625489533e-05,
-8.265984562383366e-07,-0.8107131189609111,-0.5854436255900207,0.5390092389477618,
0.0,0.0,0.0,1.0,
0.0002297668895950844,0.5792030106753281,-0.8151833043137064,-0.39597051162412056,
0.999999969239725,-0.00020923798069116817,0.00013319165589942283,3.497690493079279e-05,
-9.342230039410815e-05,-0.815183309841476,-0.5792030409348436,0.5399439351126863,
0.0,0.0,0.0,1.0,
0.00012717526876393492,0.5729696974384537,-0.8195765428828095,-0.39178009646911394,
0.9999999913467663,-0.00010045358058363707,8.494436620282153e-05,-3.740102721703623e-05,
-3.3658850492501724e-05,-0.8195765465936447,-0.5729697052556244,0.5408527323121963,
0.0,0.0,0.0,1.0,
0.00014282950636157477,0.5664965043389585,-0.8240641298900666,-0.38753523542722057,
0.9999999896323619,-6.582938673305172e-05,0.00012806938633291853,4.735959727808095e-05,
1.830322337109669e-05,-0.8240641396385552,-0.5664965078681067,0.5417779636447597,
0.0,0.0,0.0,1.0,
8.031259798757517e-05,0.559969386443931,-0.8285132948815571,-0.38328785145485356,
0.9999999880496211,-0.0001544199369389876,-7.432397708895255e-06,-2.6729469811716722e-05,
-0.00013210088593362812,-0.8285132843835943,-0.559969392153951,0.5427218119017816,
0.0,0.0,0.0,1.0,
0.00019872319264979676,0.5534497476103794,-0.8328825471692274,-0.3790280867320737,
0.9999999773242702,-0.00017374399711789223,0.00012314415416503355,2.4350206152855927e-05,
-7.655424183256043e-05,-0.8328825527546071,-0.5534497695874642,0.5436322875087992,
0.0,0.0,0.0,1.0,
0.0002723420097618945,0.5468607054094825,-0.8372235631591319,-0.3747305858690176,
0.9999999467916705,-0.00029927596023893166,0.00012980969161047184,2.5044497713149475e-05,
-0.00017957306627602865,-0.8372235539644969,-0.5468607578173543,0.5444118604723703,
0.0,0.0,0.0,1.0,
5.353207058433895e-05,0.5401894087539914,-0.8415434628136154,-0.37042532858438837,
0.9999999930930159,5.913664884471537e-05,0.00010157177301806097,-8.248634290538632e-06,
0.00010463405626071065,-0.8415434624384354,-0.5401894018572042,0.5452833883593616,
0.0,0.0,0.0,1.0,
6.331436406170621e-05,0.5336861480689805,-0.8456826185695113,-0.36613718905140547,
0.9999999978886909,-4.6158654620986894e-05,4.573835206511667e-05,6.030527814642009e-06,
-1.4625646976851314e-05,-0.8456826196799085,-0.5336861498647099,0.5459752492532655,
0.0,0.0,0.0,1.0,
-5.207027677400777e-05,0.5269040634507568,-0.8499247644396342,-0.36184879335465875,
0.9999999969200039,7.734825863403572e-05,-1.3313137012027632e-05,-4.535644081059213e-05,
5.872545451018896e-05,-0.8499247625150878,-0.5269040658554391,0.5468205344141,
0.0,0.0,0.0,1.0,
0.00012817498653061588,0.5202551183069488,-0.8540108871944174,-0.3575521943593967,
0.9999999887928297,-0.00013275518697908328,6.921272371634979e-05,1.676412754182896e-05,
-7.736610124642329e-05,-0.8540108864947118,-0.520255129492255,0.5474432682902192,
0.0,0.0,0.0,1.0,
0.00013722565716944857,0.5135878503198312,-0.8580370045475741,-0.3532826087014822,
0.9999999856839679,-0.00015542388988143419,6.689901881640203e-05,-1.656739774520925e-05,
-9.900092564663066e-05,-0.8580370014441505,-0.5135878642954363,0.5481897289099402,
0.0,0.0,0.0,1.0,
0.00015606890318042854,0.5069645439105327,-0.8619668942947187,-0.3489524058558302,
0.999999987371116,-5.325858510385473e-05,0.00014973740610829678,2.4919031554249204e-05,
3.00044185975179e-05,-0.8619669067783917,-0.5069645458201454,0.5486911301532373,
0.0,0.0,0.0,1.0,
0.00015269134481876723,0.49986343641657943,-0.866104220991424,-0.34463846251106267,
0.9999999845874947,-0.00015138345239229523,8.892727672871192e-05,6.000808729221e-07,
-8.666235296844738e-05,-0.8661042212210137,-0.4998634518273745,0.549448438673891,
0.0,0.0,0.0,1.0,
7.925780518636127e-05,0.49997680554301693,-0.866038791069546,-0.3446642466402233,
0.9999999935986039,3.0307874355872677e-05,0.00010901479224229016,1.593579857476052e-05,
8.075266244927937e-05,-0.8660387941659617,-0.4999767999403317,0.5493901577461888,
0.0,0.0,0.0,1.0,
6.030059977346625e-06,0.500151432290422,-0.865937956635161,-0.3447375064538153,
0.9998729381635304,-0.013806715534876335,-0.007967567656945673,0.00865470025700407,
-0.01594074941360607,-0.8658278809232112,-0.5000879653862449,0.5491786318815762,
0.0,0.0,0.0,1.0,
0.0002397661887413305,0.5000153486995758,-0.8660165088363019,-0.34469584413862187,
0.9995033101347177,-0.027410694614374287,-0.015549496792495787,0.017318163591468087,
-0.03151310111552119,-0.8655826389696128,-0.4997735683011694,0.5490515993237223,
0.0,0.0,0.0,1.0,
7.627878696048196e-05,0.4998236108774566,-0.8661272147848533,-0.34463245321959785,
0.9988855125344467,-0.04091825170539465,-0.023525082915257123,0.025884740150618084,
-0.04719880327235437,-0.8651601323956131,-0.49926968492275076,0.5487901845342051,
0.0,0.0,0.0,1.0,
8.089511279729678e-05,0.4998783907214248,-0.8660955997727613,-0.34462357111047004,
0.9980290574886128,-0.0543908340931466,-0.031299162529413505,0.03448406509120283,
-0.06275343707217607,-0.8643860431869606,-0.49889755910328737,0.5483002466954581,
0.0,0.0,0.0,1.0,
0.00023021585148186308,0.49992504620540756,-0.8660686434556923,-0.3446324837856649,
0.996913861336758,-0.0681036103375281,-0.03904678390891575,0.043133577256035185,
-0.07850286666929546,-0.8633868463414969,-0.4983978867222326,0.5476851116652239,
0.0,0.0,0.0,1.0,
1.0242756939171649e-05,0.4997873382915551,-0.8661481492092038,-0.34464264986406473,
0.9955652175056365,-0.08148702593973955,-0.047008108837214124,0.05168859883071625,
-0.0940738942961391,-0.8623064890669323,-0.4975717248045951,0.5469572654367707,
0.0,0.0,0.0,1.0,
-2.316473603491964e-06,0.49980680435059527,-0.8661369166127718,-0.3446278305605922,
0.9939665876847978,-0.09499958970356015,-0.05482244542515641,0.06025283271628702,
-0.10968328295995233,-0.8609112824681768,-0.49679104375796285,0.5460770656294813,
0.0,0.0,0.0,1.0,
4.061797951016022e-05,0.4998211923051356,-0.86612861289352,-0.34464748037593307,
0.9921144464943452,-0.10857658291328076,-0.06261030825746533,0.06885675932217108,
-0.12533524407523666,-0.8592961662695513,-0.4958842357113731,0.5450509039235606,
0.0,0.0,0.0,1.0,
0.0001445855816554209,0.4999100817612697,-0.8660772998113102,-0.3446518738765482,
0.9900256716869443,-0.12209059924607979,-0.07030686294059635,0.07744764123699767,
-0.1408870061284015,-0.8574285951198348,-0.4949414670190829,0.5438636824204304,
0.0,0.0,0.0,1.0,
0.00018928895353587105,0.49983396358793264,-0.8661212230477149,-0.3446222137646725,
0.9877104205527024,-0.13546376717879205,-0.0779595594737042,0.0859464821015592,
-0.156294879318857,-0.8554622005826484,-0.4937168561766922,0.5426340550204016,
0.0,0.0,0.0,1.0,
9.305293255656988e-05,0.4998572666201134,-0.8661077902595153,-0.3446430671981654,
0.9851151262143177,-0.14892614735033116,-0.08584399069903637,0.09444068842857171,
-0.17189583894004112,-0.8532078970816294,-0.4924308123103622,0.5412170963725628,
0.0,0.0,0.0,1.0,
5.8938274382303035e-05,0.4998629949656226,-0.8661044872244212,-0.34466766537060645,
0.9822980895273437,-0.1622715105613689,-0.09358643155427149,0.10296409021141208,
-0.1873244774107501,-0.8507672673088271,-0.4910240289829612,0.539651019602356,
0.0,0.0,0.0,1.0,
0.0001846149500087657,0.4999770793226468,-0.8660386169619205,-0.3446459071872016,
0.9792588298950349,-0.1755612527687035,-0.10114539336465433,0.11142394027037916,
-0.20261320290131019,-0.8480572897383049,-0.4896393809037354,0.537948945111907,
0.0,0.0,0.0,1.0,
0.00022146961910796126,0.49994273039180936,-0.8660584375661902,-0.3446408904043437,
0.9759124492272351,-0.18904947074974165,-0.10888153678444168,0.11986409993531219,
-0.21816242204950648,-0.8451730970266536,-0.48794220320430154,0.5361202143733895,
0.0,0.0,0.0,1.0,
0.00010290706123994298,0.49997739098614385,-0.8660384505972154,-0.34464712939622605,
0.9723860445447756,-0.20216450049269352,-0.11659714882922989,0.1282183133451031,
-0.23337816904051373,-0.8421117047299773,-0.4861918417374658,0.5341759389986794,
0.0,0.0,0.0,1.0,
-1.8211104780951892e-05,0.4999221406905659,-0.8660703510198915,-0.34463927423007906,
0.9686197934421745,-0.21525051588012623,-0.12426951020012578,0.1365706656449108,
-0.24854716940732885,-0.8388951475963501,-0.4842305607031664,0.5321190575492761,
0.0,0.0,0.0,1.0,
0.00016815945511761132,0.49992722207652635,-0.8660674017357108,-0.344664974953104,
0.9645415649977274,-0.2286630765379365,-0.13180579205763615,0.1450233081891828,
-0.2639309400470749,-0.8353358426735042,-0.4822390370250153,0.5298518740115179,
0.0,0.0,0.0,1.0,
3.515246379315329e-06,0.49994575129719426,-0.8660567220150924,-0.3446711836996079,
0.9603312422858379,-0.24151182657414683,-0.139412849890383,0.15322138323117265,
-0.2788618028296136,-0.8317008376722386,-0.48011437339233504,0.527581010660526,
0.0,0.0,0.0,1.0,
0.0002436367547367091,0.4999548562854801,-0.8660514316815697,-0.3446318984668415,
0.9558271943601728,-0.2546741588116809,-0.14674960768302947,0.16152153838425765,
-0.2939290988702752,-0.8277597565176309,-0.4779324955756621,0.5250950002776985,
0.0,0.0,0.0,1.0,
5.616765709437477e-05,0.49995205874256565,-0.8660530790917287,-0.3446727374044849,
0.9510933392831167,-0.2675536544020548,-0.15439074450042628,0.1697573281724792,
-0.3089036367809294,-0.8236886432233819,-0.4755161008928507,0.5224794826146837,
0.0,0.0,0.0,1.0,
0.00010831059019522637,0.5000409227828104,-0.8660017689423802,-0.344667646603143,
0.9461005104768976,-0.2805259580361066,-0.1618610853271356,0.1779356743892771,
-0.3238731423631323,-0.8193071844006008,-0.4731193562362358,0.5197090101565431,
0.0,0.0,0.0,1.0,
0.00023199851267641236,0.49991599600003256,-0.8660738670113454,-0.34462553343400093,
0.9409018343359636,-0.2934304529461038,-0.16912216716640982,0.18609733250173088,
-0.3386793237266025,-0.8148512540501731,-0.4704399530789784,0.5168931247923374,
0.0,0.0,0.0,1.0,
8.253482903086695e-05,0.4999438037751255,-0.8660578423262855,-0.34466641423149225,
0.935447640465186,-0.3061599801755386,-0.1766459127379692,0.1941528231576953,
-0.3534652813730345,-0.810137185670287,-0.46769652046825066,0.5139407131164118,
0.0,0.0,0.0,1.0,
0.00011940621630968096,0.5000108297998906,-0.8660191428744404,-0.34465908047657906,
0.9297979803894771,-0.3188113911422349,-0.1839429600218565,0.20221083644878604,
-0.36807023977198283,-0.8052008860904077,-0.46494712778273767,0.5107744967036043,
0.0,0.0,0.0,1.0,
8.863790129465254e-05,0.5000421917242388,-0.8660010384745174,-0.34467092566965196,
0.923855317282674,-0.33149581383045834,-0.19131617323533306,0.21017374058533195,
-0.3827418776040224,-0.800042706302921,-0.4619960207833458,0.5075271058990857,
0.0,0.0,0.0,1.0,
1.0653582052877475e-05,0.5000300169642656,-0.8660080727228917,-0.34468598789593696,
0.9177852398347218,-0.34387689608163274,-0.19854202044601027,0.21814847932975662,
-0.39707713788132304,-0.7948073115390786,-0.4589238325648372,0.5041619948607431,
0.0,0.0,0.0,1.0,
3.5698301808495536e-05,0.499968377045383,-0.866043659800265,-0.34467267395196044,
0.9114996959610838,-0.35622067155787385,-0.2056091861218977,0.22605177928711695,
-0.41130074518347665,-0.7893911926981851,-0.45573374014006657,0.5007267468032481,
0.0,0.0,0.0,1.0,
-2.6719830892418805e-05,0.4999907952690522,-0.8660307176609103,-0.34468503431417546,
0.904838039589604,-0.3687056351613236,-0.21289498987042227,0.2338572296746895,
-0.42575594111849213,-0.7836232253108031,-0.4524008392518756,0.49710076811367115,
0.0,0.0,0.0,1.0,
-2.505606947145189e-05,0.49998758628026274,-0.8660325703677839,-0.3446824646550172,
0.8980470493623298,-0.38095597199749975,-0.21996373458152968,0.24166106053108755,
-0.4398994163485638,-0.7777435058970774,-0.4490028313174829,0.4933104731460307,
0.0,0.0,0.0,1.0,
0.00010472764905389287,0.5000795182707871,-0.8659794826889243,-0.34469963234351836,
0.8910276047189645,-0.39315728688035323,-0.22692984687269396,0.24938489998537808,
-0.45394911241338953,-0.7715878583667171,-0.44562582977219656,0.48944295459589054,
0.0,0.0,0.0,1.0,
8.179566990440534e-05,0.5000082925301433,-0.8660206121741905,-0.3446851584634454,
0.8837973536080058,-0.4052211145772733,-0.23387621951844179,0.25704736017999064,
-0.4678698868969391,-0.7653675951474843,-0.44193915105272397,0.48552860290103356,
0.0,0.0,0.0,1.0,
0.00019369946607683541,0.500036869589459,-0.8660040944081563,-0.3446517113281153,
0.8763274078736696,-0.41725286123799055,-0.24072873529789696,0.2646743378635026,
-0.48171592945420805,-0.7588564942331879,-0.4382768354250358,0.4813633181746822,
0.0,0.0,0.0,1.0,
6.048080081211271e-05,0.4999887262168536,-0.866031910496444,-0.34466542446850235,
0.8686425201459635,-0.42909257250371446,-0.24766860199995827,0.2721749971332562,
-0.4954393691830938,-0.75225716206507,-0.43433741904798545,0.47716275289944104,
0.0,0.0,0.0,1.0,
-6.288462299886e-05,0.4999601748533572,-0.8660483933396129,-0.34469601334484445,
0.8609301171009599,-0.4405518743236465,-0.25438824559804174,0.27961986188338384,
-0.5087232346905849,-0.7456231418018908,-0.4304030679437888,0.47292962840645175,
0.0,0.0,0.0,1.0,
4.875968525708263e-05,0.499969017609842,-0.8660432893641878,-0.34465570966252346,
0.8526914733108294,-0.452454641383716,-0.2611552198087183,0.2869729848017263,
-0.5224148246034948,-0.7384549945125853,-0.42634137978141107,0.46843163682075734,
0.0,0.0,0.0,1.0,
0.00013441416979631526,0.5000072570780797,-0.8660212034367786,-0.34464486146849527,
0.8443957016509877,-0.46400160742868596,-0.2677655828087917,0.2943540072954162,
-0.5357199650621277,-0.731228590232118,-0.4222663470618775,0.46382903206039267,
0.0,0.0,0.0,1.0,
3.467068510754068e-05,0.49998038960236524,-0.8660367248627571,-0.34467941634829724,
0.8359232215180975,-0.4753356263596881,-0.2743873357865644,0.30158689884073364,
-0.5488463961116531,-0.7239306958033415,-0.41796169818410445,0.45924009140953037,
0.0,0.0,0.0,1.0,
1.9707086474918256e-06,0.5000620249345479,-0.8659895907079229,-0.34470195738313486,
0.8271373306411568,-0.48668683894701015,-0.28103337356191077,0.3087263614765102,
-0.5619998543202105,-0.7162917645862799,-0.4136209275773358,0.4543724638642911,
0.0,0.0,0.0,1.0,
0.00017172562147815817,0.4999405479890031,-0.8660597086730027,-0.34464084123016003,
0.8181980108143039,-0.497999601763031,-0.2873123939954193,0.31591343059085975,
-0.5749365057202643,-0.708558991983249,-0.4091358811811239,0.4494823886890246,
0.0,0.0,0.0,1.0,
7.764569978530034e-06,0.5001376766528283,-0.8659459015042584,-0.34472637258073324,
0.809105165764777,-0.5088882666009893,-0.29390740522925485,0.3228555460198958,
-0.587663875589154,-0.700639020115317,-0.40466792907195404,0.4444581617397657,
0.0,0.0,0.0,1.0,
0.00022316319668380658,0.5001673351698327,-0.8659287424651616,-0.34467966294702956,
0.7997207183977325,-0.5199687938138878,-0.30013201432893744,0.32985131817100394,
-0.6003721535544455,-0.6924341775857392,-0.4001102184993012,0.43922105853220994,
0.0,0.0,0.0,1.0,
-2.6457372570343196e-05,0.5000115512924825,-0.8660187341357533,-0.344698238337378,
0.7903758986490736,-0.5305318312352394,-0.30633627744825276,0.3366628954207751,
-0.6126221822091302,-0.6844884400925034,-0.395183042709394,0.43420858526805894,
0.0,0.0,0.0,1.0,
0.00011522386479789759,0.5000773509680101,-0.8659807329105413,-0.3446668121203504,
0.7804478970711055,-0.541474156287117,-0.3125808983774341,0.34344315562032646,
-0.6252208143374227,-0.6758168251249537,-0.3903467076808482,0.4287173364194973,
0.0,0.0,0.0,1.0,
0.0001065318193044229,0.5000817565662554,-0.8659781899104504,-0.34468574788339756,
0.7706285159238024,-0.5519156375954644,-0.31862331901897906,0.350143702636229,
-0.6372846138861736,-0.667313543791223,-0.38543605848019713,0.42330816759738527,
0.0,0.0,0.0,1.0,
5.0639730951873574e-05,0.5000669785842216,-0.8659867287466161,-0.34469516539427714,
0.76048958033026,-0.5623478572816695,-0.3246852100416956,0.3567738481223783,
-0.6493501333215559,-0.6585574419444084,-0.38032420382473,0.41773889065229486,
0.0,0.0,0.0,1.0,
2.034242383963658e-05,0.5001138210478236,-0.8659596789592061,-0.3447128036396231,
0.7500711847483522,-0.5727162155066807,-0.33074061484176476,0.36322820247746135,
-0.6613571027791183,-0.6495246742754663,-0.37513261669836206,0.412040713054327,
0.0,0.0,0.0,1.0,
6.825775915308974e-05,0.5000285428164234,-0.8660089212645344,-0.3446664333123375,
0.7398860321633308,-0.5826173693854373,-0.3363415827696536,0.36974290587571845,
-0.6727322310923426,-0.6407249466497129,-0.37000390266893357,0.40639033766642996,
0.0,0.0,0.0,1.0,
-9.574761107489227e-05,0.5000953552419287,-0.8659703381166377,-0.3447215222465137,
0.7291264532920758,-0.5926170006116347,-0.3423152139414607,0.37597184063607514,
-0.6843789929140967,-0.6314346571510934,-0.3645760110132974,0.40048644473554185,
0.0,0.0,0.0,1.0,
8.32736439975168e-05,0.4999755115176237,-0.8660395377511302,-0.3446539434787862,
0.7182954343140918,-0.6025667113077281,-0.3478002695043801,0.38235824774665855,
-0.6957382137765834,-0.6220432833062983,-0.35918030511776344,0.3945487021764091,
0.0,0.0,0.0,1.0,
3.0499429069741346e-05,0.5001261978506308,-0.8659525306235075,-0.3447178548437046,
0.7071435640747745,-0.6122998391565935,-0.35360555249661285,0.3883867492669963,
-0.7070699957270216,-0.6123419740572105,-0.3536796968307746,0.3884356598438203,
0.0,0.0,0.0,1.0,
