1.045125252885454405e-04
1.045125252885454405e-04
1.045125252885454405e-04
1.045125252885454405e-04
1.045125252885454405e-04
1.045125252885454405e-04
1.045125252885454405e-04
1.045125252885454405e-04
1.045125252885454405e-04
1.045125252885454405e-04
1.045125252885454405e-04
1.045125252885454405e-04
1.045125252885454405e-04
1.045125252885454405e-04
1.045125252885454405e-04
1.045125252885454405e-04
1.045125252885454405e-04
1.045125252885454405e-04
1.045125252885454405e-04
1.045125252885454405e-04
1.045125252885454405e-04
1.045125252885454405e-04
1.045125252885454405e-04
1.045125252885454405e-04
1.045125252885454405e-04
1.045125252885454405e-04
1.045125252885454405e-04
1.045125252885454405e-04
1.045125252885454405e-04
1.045125252885454405e-04
1.045125252885454405e-04
1.045125252885454405e-04
1.045125252885454405e-04
1.045125252885454405e-04
1.045125252885454405e-04
1.045125252885454405e-04
1.045125252885454405e-04
1.045125252885454405e-04
1.045125252885454405e-04
1.045125252885454405e-04
1.045125252885454405e-04
1.045125252885454405e-04
1.045125252885454405e-04
1.045125252885454405e-04
1.045125252885454405e-04
1.045125252885454405e-04
1.045125252885454405e-04
1.045125252885454405e-04
1.045125252885454405e-04
1.045125252885454405e-04
1.045125252885454405e-04
1.045125252885454405e-04
1.045125252885454405e-04
1.045125252885454405e-04
1.045125252885454405e-04
1.045125252885454405e-04
1.045125252885454405e-04
1.045125252885454405e-04
1.045125252885454405e-04
1.045125252885454405e-04
1.045125252885454405e-04
1.045125252885454405e-04
1.045125252885454405e-04
1.045125252885454405e-04
1.045125252885454405e-04
1.045125252885454405e-04
1.045125252885454405e-04
1.045125252885454405e-04
1.045125252885454405e-04
1.045125252885454405e-04
1.045125252885454405e-04
1.045125252885454405e-04
1.045125252885454405e-04
1.045125252885454405e-04
1.045125252885454405e-04
1.045125252885454405e-04
1.045125252885454405e-04
1.045125252885454405e-04
1.045125252885454405e-04
1.045125252885454405e-04
1.045125252885454405e-04
1.045125252885454405e-04
1.045125252885454405e-04
1.045125252885454405e-04
1.045125252885454405e-04
1.045125252885454405e-04
1.045125252885454405e-04
1.045125252885454405e-04
1.045125252885454405e-04
1.045125252885454405e-04
1.045125252885454405e-04
1.045125252885454405e-04
1.045125252885454405e-04
1.045125252885454405e-04
1.045125252885454405e-04
1.045125252885454405e-04
1.045125252885454405e-04
1.045125252885454405e-04
1.045125252885454405e-04
1.045125252885454405e-04
1.045125252885454405e-04
1.045125252885454405e-04
1.045125252885454405e-04
1.045125252885454405e-04
1.045125252885454405e-04
1.045125252885454405e-04
1.045125252885454405e-04
1.045125252885454405e-04
1.045125252885454405e-04
1.045125252885454405e-04
1.045125252885454405e-04
1.045125252885454405e-04
1.045125252885454405e-04
1.045125252885454405e-04
1.045125252885454405e-04
1.045125252885454405e-04
1.045125252885454405e-04
1.045125252885454405e-04
1.045125252885454405e-04
1.045125252885454405e-04
1.045125252885454405e-04
1.045125252885454405e-04
1.045125252885454405e-04
1.045125252885454405e-04
1.045125252885454405e-04
1.045125252885454405e-04
1.045125252885454405e-04
1.045125252885454405e-04
1.045125252885454405e-04
1.045125252885454405e-04
1.045125252885454405e-04
1.045125252885454405e-04
1.045125252885454405e-04
1.045125252885454405e-04
1.045125252885454405e-04
1.045125252885454405e-04
1.045125252885454405e-04
1.045125252885454405e-04
1.045125252885454405e-04
1.045125252885454405e-04
1.045125252885454405e-04
1.045125252885454405e-04
1.045125252885454405e-04
1.045125252885454405e-04
1.045125252885454405e-04
1.045125252885454405e-04
1.045125252885454405e-04
1.045125252885454405e-04
1.045125252885454405e-04
1.045125252885454405e-04
1.045125252885454405e-04
1.045125252885454405e-04
1.045125252885454405e-04
1.045125252885454405e-04
1.045125252885454405e-04
1.045125252885454405e-04
1.045125252885454405e-04
1.045125252885454405e-04
1.045125252885454405e-04
1.045125252885454405e-04
1.045125252885454405e-04
1.045125252885454405e-04
1.045125252885454405e-04
1.045125252885454405e-04
1.045125252885454405e-04
1.045125252885454405e-04
1.045125252885454405e-04
1.045125252885454405e-04
1.045125252885454405e-04
1.045125252885454405e-04
1.045125252885454405e-04
1.045125252885454405e-04
1.045125252885454405e-04
1.045125252885454405e-04
1.045125252885454405e-04
1.045125252885454405e-04
1.045125252885454405e-04
1.045125252885454405e-04
1.045125252885454405e-04
1.045125252885454405e-04
1.045125252885454405e-04
1.045125252885454405e-04
1.045125252885454405e-04
1.045125252885454405e-04
1.045125252885454405e-04
1.045125252885454405e-04
1.045125252885454405e-04
1.045125252885454405e-04
1.045125252885454405e-04
1.045125252885454405e-04
1.045125252885454405e-04
1.045125252885454405e-04
1.045125252885454405e-04
1.045125252885454405e-04
1.045125252885454405e-04
1.045125252885454405e-04
1.045125252885454405e-04
1.045125252885454405e-04
1.045125252885454405e-04
1.045125252885454405e-04
1.045125252885454405e-04
1.045125252885454405e-04
1.045125252885454405e-04
1.045125252885454405e-04
1.045125252885454405e-04
1.045125252885454405e-04
1.045125252885454405e-04
1.045125252885454405e-04
1.045125252885454405e-04
1.045125252885454405e-04
1.045125252885454405e-04
1.045125252885454405e-04
1.045125252885454405e-04
1.045125252885454405e-04
1.045125252885454405e-04
1.045125252885454405e-04
1.045125252885454405e-04
1.045125252885454405e-04
1.045125252885454405e-04
1.045125252885454405e-04
1.045125252885454405e-04
1.045125252885454405e-04
1.045125252885454405e-04
1.045125252885454405e-04
1.045125252885454405e-04
1.045125252885454405e-04
1.045125252885454405e-04
1.045125252885454405e-04
1.045125252885454405e-04
1.045125252885454405e-04
1.045125252885454405e-04
1.045125252885454405e-04
1.045125252885454405e-04
1.045125252885454405e-04
1.045125252885454405e-04
1.045125252885454405e-04
1.045125252885454405e-04
1.045125252885454405e-04
1.045125252885454405e-04
1.045125252885454405e-04
1.045125252885454405e-04
1.045125252885454405e-04
1.045125252885454405e-04
1.045125252885454405e-04
1.045125252885454405e-04
1.045125252885454405e-04
1.045125252885454405e-04
1.045125252885454405e-04
1.045125252885454405e-04
1.045125252885454405e-04
1.045125252885454405e-04
1.045125252885454405e-04
1.045125252885454405e-04
1.045125252885454405e-04
1.045125252885454405e-04
1.045125252885454405e-04
3.792715568677446601e-04
3.792715568677446601e-04
5.098687899200391197e-04
5.098687899200391197e-04
5.098687899200391197e-04
5.098687899200391197e-04
5.098687899200391197e-04
5.098687899200391197e-04
5.098687899200391197e-04
5.098687899200391197e-04
5.098687899200391197e-04
5.098687899200391197e-04
5.098687899200391197e-04
5.098687899200391197e-04
5.098687899200391197e-04
5.098687899200391197e-04
5.098687899200391197e-04
5.098687899200391197e-04
5.098687899200391197e-04
5.098687899200391197e-04
5.098687899200391197e-04
5.098687899200391197e-04
5.098687899200391197e-04
5.098687899200391197e-04
5.098687899200391197e-04
5.098687899200391197e-04
5.098687899200391197e-04
5.098687899200391197e-04
5.098687899200391197e-04
5.098687899200391197e-04
5.098687899200391197e-04
5.098687899200391197e-04
5.098687899200391197e-04
5.098687899200391197e-04
5.098687899200391197e-04
5.098687899200391197e-04
5.098687899200391197e-04
5.098687899200391197e-04
5.098687899200391197e-04
5.098687899200391197e-04
5.098687899200391197e-04
5.098687899200391197e-04
5.098687899200391197e-04
5.098687899200391197e-04
3.950223867505961483e-04
3.934733159816603031e-04
3.934164900069559117e-04
3.941123544925547871e-04
3.920750758481484298e-04
3.920479654025253594e-04
3.894865335468915952e-04
3.878499066971381661e-04
3.849836241441945898e-04
3.834715019662546156e-04
3.822516796331672999e-04
3.833703415672968097e-04
3.826011339654883251e-04
3.836175077114894918e-04
3.850665259634551241e-04
3.831410423297506901e-04
3.813459283260588759e-04
3.804786640185841076e-04
3.799249652473335221e-04
3.797515597083843527e-04
3.788725229928408076e-04
3.805304721552347407e-04
3.803616816025900830e-04
3.810602947958685572e-04
3.809815472106705650e-04
3.804959396845603698e-04
3.797981927810941869e-04
3.804479864759307390e-04
3.793491146497213196e-04
3.788751423382793267e-04
3.800834905360235571e-04
3.805626246559662548e-04
3.811215885090767021e-04
3.793171856981189917e-04
3.799593890681522874e-04
3.787011271547383495e-04
3.787129609861336209e-04
3.794121775668058555e-04
3.786374659939745007e-04
3.789771799890003347e-04
3.789521095162962593e-04
3.804216804179557385e-04
3.804497704415045283e-04
3.803540453785353589e-04
3.791699952088643214e-04
3.790479247201298195e-04
3.798420601653692955e-04
3.788461134390774788e-04
3.782428499393042549e-04
3.796815090367801609e-04
3.784972581830880730e-04
3.791115632981074957e-04
3.789761448733872107e-04
3.794416986094902998e-04
3.782684867221239398e-04
3.787595626002493703e-04
3.784905769236272962e-04
3.797673072605171982e-04
3.791002227147779340e-04
3.782155977065687516e-04
3.793580970963019686e-04
3.785751581743818767e-04
3.791034617489051086e-04
3.789141023601446095e-04
3.781970674774406656e-04
3.784060837644420737e-04
3.788267304296402964e-04
3.792956534940184268e-04
3.783178278189952407e-04
3.779744323573735868e-04
3.797804018533351938e-04
3.777883166955603965e-04
3.781353942788099969e-04
3.794870652322894803e-04
3.792241842015271866e-04
3.790036198521216601e-04
3.787202451927352350e-04
3.797303145337053943e-04
3.798412883350568508e-04
3.793667589827933481e-04
3.781745676948001329e-04
3.785473029016468726e-04
3.795339343405227978e-04
3.793879886096906571e-04
3.787803423014442445e-04
3.790420115652790153e-04
3.785257979352589898e-04
3.789652768383066609e-04
3.782977982049538345e-04
3.800159932096686837e-04
3.785488126464976559e-04
3.786608433053344821e-04
3.792086150420396150e-04
3.795362411425139224e-04
3.780357793586126207e-04
3.792911438350573877e-04
3.779289051271637889e-04
3.786740643310705949e-04
3.788062239558987257e-04
3.797836866706591550e-04
3.794603110494845929e-04
3.797768795465781655e-04
3.789524591308175120e-04
3.787318918026638236e-04
3.789561780076934464e-04
3.793472192521923957e-04
3.794702622232834217e-04
3.786358797364296962e-04
3.785396487004808667e-04
3.778802504762506149e-04
3.789135881274717271e-04
3.785339640460908027e-04
3.786699727499995716e-04
3.800831208954351284e-04
3.784424949775637035e-04
3.799595639304810600e-04
3.791281239101265232e-04
3.798492296265107058e-04
3.796424412801961083e-04
3.791308806713979867e-04
3.790770612108848472e-04
3.784980166873907884e-04
3.786787283522148801e-04
3.800703056166977864e-04
3.799422142463340819e-04
3.788770913490619526e-04
3.798106324444670335e-04
3.802691783995344309e-04
3.787885231974854640e-04
3.789664020659336101e-04
3.782859308666054374e-04
3.789283942029774994e-04
3.796792264443633229e-04
3.782749080054212897e-04
3.785752821291403351e-04
3.793887379734154838e-04
3.781820242011699499e-04
3.796452445383021661e-04
3.790681139912495281e-04
3.795770014953519394e-04
3.793629041417656382e-04
3.786851121136626704e-04
3.784012233945932406e-04
3.790585638941994435e-04
3.774899682714669700e-04
3.786225024442588954e-04
3.793267434710397034e-04
3.785744049072639248e-04
3.791514862767248763e-04
3.777183039031412905e-04
3.790676719535436101e-04
3.785858293918819097e-04
3.790523748384196372e-04
3.801289793195206362e-04
3.794908034916511571e-04
3.783431883549875918e-04
3.796245606561197386e-04
3.792269024632850686e-04
3.790403635285252378e-04
3.791272013022258555e-04
3.801034455984699228e-04
3.799550880655130154e-04
3.790505352906392046e-04
3.815876873627982078e-04
3.790114942940060153e-04
3.794270780189012331e-04
3.783839363454176365e-04
3.786124628685567559e-04
3.786774444137410572e-04
3.802782805422839636e-04
3.805122699327041238e-04
3.784563772224831184e-04
3.804310297692570231e-04
3.799286068268953992e-04
3.801878256143377847e-04
3.791376499892442167e-04
3.783772455298413579e-04
3.794047945060830093e-04
3.792209722297985581e-04
3.789047413335241391e-04
3.789797114716687886e-04
3.801935429182251038e-04
3.790254964794043113e-04
3.790113969961813245e-04
3.787207764020086896e-04
3.794697677180291313e-04
3.800000289927828049e-04
3.787027539455705468e-04
3.789094063589801839e-04
3.788343198107553913e-04
3.798404888265034134e-04
3.789589957708473290e-04
3.789631666936810585e-04
3.793475873526381366e-04
3.803093877775815370e-04
3.793966926604806734e-04
3.793675083464375102e-04
3.800994936012901657e-04
3.793347617468941836e-04
3.784164130404285911e-04
3.796282026869812038e-04
3.795288011452463504e-04
3.790673076060169060e-04
3.784172997739753156e-04
3.799472183776002364e-04
3.792914147818827477e-04
3.793701293822535222e-04
3.793951564149737284e-04
3.799941413359552355e-04
3.793364443168058156e-04
3.788886132891611225e-04
3.792272862704362769e-04
3.791727168854672702e-04
3.780509635202540346e-04
3.796984909892359584e-04
3.806359116709359452e-04
3.782574220767330009e-04
3.799315456605163017e-04
3.781119974209567938e-04
3.790301499857343169e-04
3.787110029409166074e-04
3.787496617504152634e-04
3.797945647067379441e-04
3.787557423788631239e-04
3.776012739122773867e-04
3.798028451715142564e-04
3.791851931937767137e-04
3.795075448846923897e-04
3.796618119507552702e-04
3.792244796213700177e-04
3.789148014117215964e-04
3.788708333450055876e-04
3.786127104082926981e-04
3.776213299654135758e-04
3.781272368720730291e-04
3.781813311669435891e-04
3.787416288055168632e-04
3.788984255976031294e-04
3.802946146183022041e-04
3.776888191888075471e-04
3.792754869422076285e-04
3.787106102030030194e-04
3.797622966618208824e-04
3.797586936811853608e-04
3.781782935532036738e-04
3.788294120060477829e-04
3.796230582448720269e-04
3.807055349527236200e-04
3.784642107382642554e-04
3.795953058211977795e-04
3.781182732253040766e-04
3.790862647463701671e-04
3.788440773347822753e-04
3.793433581070631850e-04
3.787139363217549158e-04
3.785304079186251167e-04
3.793726075186931203e-04
3.795848690931245915e-04
3.795293534068567621e-04
3.795794254454401681e-04
3.780872711044857442e-04
3.793536217915383676e-04
3.795316698112850590e-04
3.807955173135036818e-04
3.788730942451233727e-04
3.794873649089787059e-04
3.788145717230591899e-04
3.787310389021421851e-04
3.799095956704823382e-04
3.786391176285796786e-04
3.791035238170083698e-04
3.798361404874044112e-04
3.793247360111525802e-04
3.794191912994177474e-04
3.789664907454230345e-04
3.778124279169299657e-04
3.782423801450223279e-04
3.780926624641625308e-04
3.793940252858564910e-04
3.783453227004471850e-04
3.779514734794647422e-04
3.771480190310537526e-04
3.789252733628858298e-04
3.785851447860971958e-04
3.802159607906209363e-04
3.784181829151604432e-04
3.775019029883890619e-04
3.784323544614854435e-04
3.784277231491191187e-04
3.789880773293649412e-04
3.787258483050011176e-04
3.796573352442755237e-04
3.795525955040835592e-04
3.793102904273089370e-04
3.796567884560696107e-04
3.783031505085067804e-04
3.789863418902470089e-04
3.796967832083843826e-04
3.793404889747923887e-04
3.793802060313259143e-04
3.788239905292948998e-04
3.786716875039911490e-04
3.796349198644541974e-04
3.801380819387446602e-04
3.784524022151829680e-04
3.783608447759006566e-04
3.795194221192451397e-04
3.798977576524193984e-04
3.794296445401447557e-04
3.805186024513892767e-04
3.783327863227972350e-04
3.792985941901278997e-04
3.799719677450971093e-04
3.797253690969246555e-04
3.809291255494203724e-04
3.799641169781871699e-04
3.781443528928793234e-04
3.790090193069651277e-04
3.799059630280357232e-04
3.790655415745169390e-04
3.792036469789433956e-04
3.791294709977559014e-04
3.783400554490006559e-04
3.791905811579515217e-04
3.797372322624980798e-04
3.786798908805453167e-04
3.784542304584041696e-04
3.796993866497737195e-04
3.783590421838663588e-04
3.780358165561878815e-04
3.792115842833135840e-04
3.785470612849182949e-04
3.782273491626031501e-04
3.791973814806137081e-04
3.790696972531390680e-04
3.785292748736508121e-04
3.811874022462613727e-04
3.804498939309054165e-04
3.801243158843887093e-04
3.804148668528160165e-04
3.792106499251071097e-04
3.798575388572410466e-04
3.793650499058302253e-04
3.784065444915603142e-04
3.798375546142312791e-04
3.780133531587112736e-04
3.804493939769977703e-04
3.784491796957627132e-04
3.796788630557370041e-04
3.782127778771828637e-04
3.802363919316019696e-04
3.793053766114810703e-04
3.793060315368938003e-04
3.785091326604165239e-04
3.799685618917250478e-04
3.777094137584791371e-04
3.795328557546984107e-04
3.795455735990152491e-04
3.790662783559752653e-04
3.781401321565589792e-04
3.788761757343590809e-04
3.785633789965676911e-04
3.794820076402789224e-04
3.799269097353007033e-04
3.802363492879020919e-04
3.783650063777732825e-04
3.798240618175722345e-04
3.776272936172913501e-04
3.789811182006491068e-04
3.774391678907310240e-04
3.793803792026723175e-04
3.767106328392035020e-04
3.789865998068261618e-04
3.796598951554714676e-04
3.797462418701652597e-04
3.799647652640577937e-04
3.800745213691550362e-04
3.808693369428266013e-04
3.793871155049972411e-04
3.775224298821011973e-04
3.785863493567103734e-04
3.762246273387855554e-04
3.785841304546187390e-04
3.792158734456383198e-04
3.792974878669320852e-04
3.808791802857950650e-04
3.796457471066597015e-04
3.787935276223759556e-04
3.786020780121725324e-04
3.785949588078476799e-04
3.783870975862001825e-04
3.784044440800472483e-04
3.775590022069493803e-04
3.783523773712550524e-04
3.795984103349212403e-04
3.782261095231282040e-04
3.783992704457530523e-04
3.793315957389584397e-04
3.787749293819415389e-04
3.800388667975869634e-04
3.801103420806858989e-04
3.784891276044130125e-04
3.786625438243864977e-04
3.789671979056627427e-04
3.780533531645484347e-04
3.771010630250063497e-04
3.775145432612573952e-04
3.781477293882843727e-04
3.781335722414538815e-04
3.789672786758497766e-04
3.796535720314176006e-04
3.807036955213777187e-04
3.794769633826453156e-04
3.805807169832312411e-04
3.806343481495745194e-04
3.798052582882744895e-04
3.788378764877832635e-04
3.781618838943126820e-04
3.780123014629653208e-04
3.786895095702318549e-04
3.799104661642931612e-04
3.788878997864080942e-04
3.785234047857163604e-04
3.797995323467791805e-04
3.790722847632995210e-04
3.802944225019621693e-04
3.802922979965421666e-04
3.793930386376026705e-04
3.796659657564085510e-04
3.783385509007953411e-04
3.797564251865374278e-04
3.798780142060678515e-04
3.793974921759517543e-04
3.775630829601794467e-04
3.789187754901558757e-04
3.786777722079052110e-04
3.788324481254276696e-04
3.803957307181577547e-04
3.792090429413729315e-04
3.794857109958610798e-04
3.785729534494226920e-04
3.790499760348090821e-04
3.800161392916137268e-04
3.787534726117914013e-04
3.787827536945708720e-04
3.779338100312056871e-04
3.788397716250835540e-04
3.799364294704840129e-04
3.781871959643124748e-04
3.779985623199880402e-04
3.793386887218028474e-04
3.785188279438018392e-04
3.790982489329809127e-04
3.791928076350546293e-04
3.786893526925324389e-04
3.788924825192468656e-04
3.792847925295098695e-04
3.813151372756044214e-04
3.802430937758006536e-04
3.794124176165020678e-04
3.795931298676705006e-04
3.794828980373125328e-04
3.788094833817713756e-04
3.794902648966387636e-04
3.785027331099838680e-04
3.796390813976073791e-04
3.778616237197965203e-04
3.789372194183644803e-04
3.806011924616296382e-04
3.808389945274233477e-04
3.795996618310115939e-04
3.812105565301731735e-04
3.841550247744349015e-04
3.891045639792363930e-04
3.967761191416467408e-04
4.023648385503818541e-04
4.082084177940478579e-04
4.120173566837334210e-04
4.096909292998687628e-04
4.003420378204579572e-04
3.887987768070775250e-04
3.760939293860521455e-04
3.667897922536921354e-04
3.551298344759636245e-04
3.452979252228635990e-04
3.291851135526163794e-04
3.083255022999643446e-04
2.867912588729256990e-04
2.572193589822740741e-04
2.589200209122372682e-04
2.873305700306190901e-04
3.162667675746370401e-04
3.331582161354055367e-04
3.416564286278014071e-04
3.401201366679139273e-04
3.280309414108474315e-04
2.933946604162908172e-04
2.174333810695405094e-04
2.028144407294434732e-04
2.139552590909605395e-04
2.152258820751524625e-04
2.612822165198886576e-04
3.363667186972580628e-04
3.742810217389684981e-04
4.024984266684604310e-04
4.420317917877857375e-04
4.514292359269237668e-04
4.136350390361136762e-04
3.755828299783363941e-04
3.177671598405274736e-04
2.344698383895560292e-04
1.776324060614612799e-04
1.256317869198072742e-04
1.063273472803536850e-04
1.124032750328406735e-04
1.372834533236804940e-04
1.606315680368313587e-04
1.426085661069718068e-04
1.300955133280142851e-04
1.457240379078962394e-04
1.601987363148621229e-04
1.778594315349939020e-04
2.212252368391114435e-04
2.459612666893458443e-04
2.536051308660112872e-04
2.723826697648708381e-04
3.076607818897657883e-04
3.444048396945052033e-04
3.763387375940441520e-04
4.315954420590123377e-04
4.964925892463703007e-04
5.494328227395759920e-04
6.155897953763531496e-04
6.878500079256217974e-04
7.703377378093834204e-04
8.333330029391880760e-04
7.984201762323473893e-04
7.423064525303165817e-04
6.380921522543792860e-04
5.651066703791388177e-04
5.261539855852640250e-04
5.092895146740336523e-04
6.549860601987880998e-04
7.251744909675050203e-04
8.823350161983150837e-04
1.071549227116413766e-03
1.192327290017303762e-03
1.270475317133001793e-03
1.282759460443174109e-03
1.191772510269400098e-03
9.685954048415980084e-04
6.190955137781238397e-04
3.298996135063808773e-04
8.268076090414526198e-05
8.818567616981031181e-05
1.921760367121986136e-04
2.741843695073919313e-04
3.414046056308551037e-04
4.995690610310635042e-04
6.126741041590038055e-04
6.875350640256726450e-04
7.024402845092154795e-04
6.784296647876898820e-04
6.728835815476527952e-04
6.434561820148001913e-04
7.311225523820098814e-04
9.438638478298151148e-04
9.346462699774653196e-04
8.282626679820956003e-04
6.735285952021515150e-04
5.191143505550271627e-04
6.642362324071843325e-04
9.906620771809998820e-04
1.357050552286653529e-03
1.482872075298563488e-03
1.511167766692790961e-03
1.409549415992686870e-03
1.209280814018774772e-03
9.505815185769202679e-04
7.115894833149462176e-04
5.875472024120328854e-04
5.368069297089241281e-04
5.549926562522344408e-04
5.757336563601652595e-04
5.994152867152296353e-04
6.497506172428158238e-04
6.352157590664903909e-04
5.817117606277623278e-04
5.744369479256663472e-04
5.667569090544226319e-04
5.847902412919434197e-04
5.030754269170464909e-04
4.907925339411265417e-04
5.027603944447626505e-04
4.484395429196868762e-04
3.281357653497702287e-04
2.358260814432528460e-04
1.919524727172224163e-04
1.870314368923560249e-04
1.956667926113449859e-04
2.596455656317369493e-04
3.203618301204433773e-04
3.977643400319179822e-04
4.626138010214428712e-04
5.081404389041374505e-04
5.468625302064601809e-04
5.817149984919553441e-04
5.573702103740328217e-04
5.594255522294981370e-04
5.908223080240400469e-04
6.103048375910264745e-04
6.803938690106123332e-04
7.312328511225489125e-04
7.134957743833001851e-04
7.289707194346434866e-04
7.180250563866489959e-04
6.896319979304535615e-04
6.527341597828809116e-04
5.868405692672996801e-04
5.286400116473028397e-04
4.908366362979107653e-04
4.771731025672472913e-04
4.598621484009172695e-04
4.291987075231685177e-04
4.239475091276546795e-04
4.670681031407781527e-04
5.273262918995325933e-04
5.653280920702971656e-04
5.905139557343630453e-04
6.060234204348239131e-04
6.455635681918916883e-04
7.003825066142392109e-04
7.277802480427078211e-04
6.983463582854315677e-04
7.039385684672565388e-04
7.155636842250225668e-04
7.117490422726848289e-04
6.737183217594808378e-04
6.627666880915850838e-04
6.146953571951424512e-04
5.831602852964100792e-04
5.352499222421030090e-04
5.335683301674347314e-04
5.248298223656061535e-04
5.131757765268249840e-04
5.266749563400567125e-04
5.680656231588144568e-04
6.481098595051147703e-04
6.889369244531387331e-04
6.922040805324550282e-04
7.262219689939014870e-04
7.036291850558479190e-04
7.132687485017795209e-04
6.772541237751760531e-04
6.405130730717614219e-04
6.395717131320819435e-04
6.239801089463615884e-04
6.315515492292281220e-04
6.693399085550106545e-04
6.967541044932007172e-04
7.267812750995829990e-04
7.901163124677296375e-04
8.318117734954899979e-04
8.124447052757790243e-04
7.906959045848709891e-04
7.621757082123290861e-04
7.461795912267589828e-04
7.011878557907875531e-04
6.340308894793297628e-04
5.793644088750863133e-04
5.153120529266310432e-04
4.830980977715407568e-04
4.624319232742929203e-04
4.494439217347239736e-04
4.656477305121999618e-04
5.223529191571793127e-04
5.661089821556980874e-04
5.943291616553594489e-04
6.241674000737847724e-04
6.400791203595273529e-04
6.437733285137193107e-04
6.565111458375062726e-04
6.634265254945263118e-04
6.574069656267288869e-04
6.372766721878545199e-04
6.182171531034437754e-04
5.888376189275181102e-04
5.552450062318876195e-04
5.644346465950542428e-04
5.778910090711533070e-04
6.009630353026176397e-04
6.106166242595451217e-04
6.257297379860140944e-04
6.469197722092996823e-04
6.603109707579455983e-04
7.078446538917079322e-04
7.937729235876980630e-04
8.087230285499225329e-04
7.973225771453368868e-04
8.223708223442138853e-04
8.186337378009404938e-04
7.787996335390658760e-04
7.551225633191510894e-04
7.182490957856960123e-04
6.767699605132552207e-04
6.647447139929615325e-04
6.653087885499051491e-04
6.582255881970429595e-04
6.622303413710462112e-04
6.823724614364942579e-04
6.928069915781753839e-04
6.948050600928426480e-04
6.892566493083647407e-04
6.771583075333092267e-04
6.799811714103567951e-04
6.570166285097985264e-04
6.315496828566092777e-04
6.416291377153870599e-04
6.743432281679618374e-04
6.973363584759109625e-04
7.040559891246881688e-04
7.149454095087272006e-04
7.259372064426999156e-04
7.335232936348964851e-04
7.330425385737905381e-04
7.288599387620177698e-04
7.284537914665426949e-04
7.274512948560133557e-04
7.049775731718169441e-04
6.919082413878077219e-04
6.928136605105405989e-04
7.065552704250796685e-04
7.312730003755986983e-04
7.883648314586043891e-04
8.281475535672458595e-04
8.375866214811547063e-04
8.486254487197209808e-04
8.603788879869494555e-04
8.331376811770991719e-04
8.123815494540192160e-04
7.768982661645917106e-04
7.388973785168950975e-04
7.163964326227982658e-04
6.871676200340553781e-04
6.713803980318024632e-04
6.755639754697071895e-04
7.009039619928170107e-04
7.395262058852556828e-04
8.149958737782205670e-04
9.690679646568209999e-04
1.132484075185655236e-03
1.254865039478611109e-03
1.322657641569848115e-03
1.338945833869439883e-03
1.354784614322210442e-03
1.325633542478782704e-03
1.232702401179439728e-03
1.068373951313934811e-03
8.797922042201719237e-04
6.896588857602763264e-04
5.373703568581992543e-04
5.050285757991762733e-04
4.915145452702326901e-04
5.044424893448485160e-04
5.472015782134099669e-04
5.614391591348275512e-04
5.855565958893496799e-04
6.385177301249264593e-04
7.021121658733871446e-04
7.457386616482686390e-04
7.658368032285871492e-04
7.934992385436482948e-04
7.706568528050493317e-04
7.573283665033777061e-04
6.998493583974615571e-04
6.920548121780883445e-04
7.087216981568374022e-04
7.135291693507612434e-04
7.327953883566321784e-04
7.418873158750357568e-04
7.668952201250262479e-04
7.981597060255200566e-04
8.146505275745815570e-04
8.175078553699697105e-04
8.063177679387750416e-04
8.114151279576083857e-04
8.123448229208436646e-04
7.955337226523427662e-04
7.935215675838600598e-04
7.754457003460489897e-04
7.738650695357137668e-04
7.811867140268293191e-04
7.946352678310971687e-04
8.213842820074131711e-04
8.418604808298762879e-04
8.712557092668664089e-04
9.261578201303349986e-04
1.016324185000643801e-03
1.029001232173407977e-03
9.911504140261444187e-04
9.541410674238218811e-04
8.891653280683004196e-04
8.391541256063816826e-04
8.191857224858957063e-04
7.961509375741789105e-04
7.678859066960470707e-04
7.676056370397078572e-04
8.217406830234151192e-04
8.977958651450332556e-04
9.991365911040154223e-04
1.053976608171302686e-03
1.079464068388265785e-03
1.095798266059758250e-03
1.054371179350939609e-03
9.839442500133895996e-04
9.130016234903063493e-04
8.398744303307557326e-04
7.684129700147586221e-04
7.013333545206867350e-04
6.580418403544276975e-04
6.393949251864617820e-04
6.434407982646571812e-04
6.849764028880050851e-04
7.285242613445000025e-04
7.694204234423921958e-04
8.092024745658065420e-04
8.222442020635068469e-04
8.109993661007240283e-04
7.928932953174174653e-04
7.706016079621780951e-04
7.599647034248136401e-04
7.611279736218300824e-04
7.802260010408429425e-04
7.953070134370975519e-04
8.015407337245977889e-04
8.145809948930758789e-04
8.335344988212315320e-04
8.573841285463634299e-04
8.803867080276086936e-04
9.070317338841510238e-04
9.109493932613731007e-04
8.934342792950062014e-04
8.552023212555637114e-04
8.500937226503663124e-04
8.370698790427104395e-04
8.438787184542691135e-04
8.605366268088379764e-04
8.756777693516972026e-04
8.869994045457723925e-04
9.146717984720440561e-04
9.243536054946827583e-04
9.154019199654716806e-04
8.805580671955939593e-04
8.556923847930229853e-04
8.335659037037736847e-04
8.111678662457974314e-04
7.940262509357844979e-04
7.822943108838333265e-04
7.751082272458840496e-04
7.846507930530508728e-04
7.980999956237514424e-04
8.225607172739594778e-04
8.337543586086200399e-04
8.469280792231973854e-04
8.672866803126498460e-04
8.694103795508519418e-04
8.614714321425924817e-04
8.670587410245934445e-04
8.538608353134233709e-04
8.179185778532051167e-04
8.135668600256783277e-04
8.110686204185289100e-04
8.039626200101203640e-04
8.076489871282975085e-04
8.112740288746966453e-04
8.405290931966733761e-04
8.531001332982029615e-04
8.733366022139869584e-04
8.662470433089665498e-04
8.838152610119461407e-04
8.671729479411409858e-04
8.612736624595016075e-04
8.670185592882913512e-04
8.688727284577454305e-04
8.852091865255280701e-04
8.998410586397166374e-04
9.019734811195033192e-04
8.815919391263979952e-04
8.614887348725240417e-04
8.519707793046727307e-04
8.515478263206910413e-04
8.446331042423381929e-04
8.353598121683551746e-04
8.169594145241510300e-04
7.896234067057545086e-04
7.720919539093997440e-04
7.536348375723809058e-04
7.391371314132549062e-04
7.325836079491127939e-04
7.384141023990376624e-04
7.482908304392171545e-04
7.553211457048290486e-04
7.631915813525187286e-04
7.670009966077639746e-04
7.712373425106003148e-04
7.760788238655789810e-04
7.836453439760060133e-04
7.839194715928192664e-04
7.813787794180585217e-04
7.804401244033502263e-04
7.989231352283932561e-04
8.450207156236368838e-04
8.957374729360718891e-04
9.335424135007674680e-04
9.523082920740275244e-04
9.222979880117706869e-04
8.662933914780995793e-04
7.944649722165359439e-04
7.016673137956284815e-04
6.328306929128497352e-04
6.126239962488014106e-04
5.954109524441526195e-04
5.606408584368693850e-04
5.321866421892865878e-04
5.640880097803664282e-04
6.268243004645884320e-04
6.992436810536144373e-04
7.422179278346271482e-04
7.691827804065501286e-04
8.365503595863263506e-04
8.679368799613841742e-04
9.463916387446558946e-04
1.010480664404812649e-03
9.957965245069927071e-04
9.552482739042886944e-04
8.371511982175318606e-04
6.508988368375809080e-04
4.886993880255302092e-04
3.612405904244845082e-04
2.822346963668198616e-04
3.590681466271290973e-04
4.162809353582096064e-04
5.494702807108162819e-04
7.863708406963491188e-04
1.094236669467157442e-03
1.203846125410999246e-03
1.309369793162419105e-03
1.283545031500179069e-03
1.163755018415407261e-03
9.416656088086117638e-04
7.381436061346041211e-04
6.371148904211703214e-04
5.207183315165739420e-04
5.463387760065647244e-04
6.278635952544036995e-04
8.174411618367839055e-04
9.807437450017179349e-04
1.106201094832134349e-03
1.119627275171154518e-03
1.043160121248444669e-03
8.772457669815071895e-04
7.055733779223384182e-04
5.502070242541839875e-04
5.066218600688430357e-04
5.169250612308771411e-04
5.362842638006487962e-04
5.911403647594317334e-04
7.399080833516985404e-04
8.639360455911654357e-04
8.849326545526348077e-04
8.658582755938564954e-04
8.520046095767818024e-04
8.025070920851461957e-04
7.401232178791592418e-04
7.037804357439179318e-04
6.258075196271150253e-04
5.128993993537113785e-04
5.188657054760359606e-04
5.311951384580504030e-04
5.265777574869356676e-04
5.877354347692567661e-04
6.155540190575114643e-04
5.618613615585316828e-04
5.886010099971461344e-04
6.372759906898982536e-04
6.252162304136720276e-04
6.224852740830533323e-04
6.082531950325541312e-04
5.139876195924184248e-04
4.797834766756112115e-04
5.269907381686139832e-04
5.274110651238701460e-04
5.170467707709578645e-04
5.688687090783294074e-04
5.761779753522699608e-04
5.498798426894490081e-04
5.644899166228551420e-04
5.920290386151967534e-04
5.801134708419823129e-04
5.222305586550939115e-04
5.170885597145969022e-04
5.435731127703410199e-04
5.092980463252081433e-04
4.555014173350751638e-04
4.153169395359851369e-04
4.266787781284625395e-04
4.510664678356087073e-04
4.850554826371992730e-04
5.383819297234145691e-04
5.744090774341731234e-04
6.018758021338995378e-04
6.746743305125928788e-04
7.895436799015055108e-04
8.019649582332759926e-04
7.310937946825545042e-04
7.096885461397667511e-04
7.023163814093838150e-04
7.038688819455198335e-04
6.834993791902401437e-04
6.164390849726510786e-04
5.167465102814719187e-04
3.953959365001426165e-04
3.219156418196488976e-04
2.919224563508809813e-04
2.781087023557534733e-04
3.148436017234938203e-04
3.620860872208060059e-04
4.405131839923641119e-04
5.739682953401547888e-04
6.658055567366286944e-04
6.778028278088598984e-04
6.394005103118263625e-04
5.021365325809275248e-04
3.786855301609391537e-04
1.767743170660502120e-04
1.478124444612165700e-04
2.313712393387402509e-04
2.426153398233089041e-04
1.168311229099418204e-04
1.533537772219319487e-04
2.667029492389475453e-04
4.565107133005026261e-04
6.502597614292408758e-04
7.468174790807660408e-04
7.317663625135395998e-04
6.776390791202411288e-04
5.555526823218889408e-04
3.300819260110513399e-04
2.146794105445979739e-04
2.089104053957935715e-04
2.210067517660905861e-04
2.258746972389874519e-04
1.752157708823522781e-04
1.387567579461435898e-04
1.411837966004082432e-04
1.904701046497960556e-04
2.851101563332360559e-04
3.781161759073879496e-04
3.710600974960111980e-04
3.239627263689618991e-04
2.880629197231958849e-04
2.387887050518767767e-04
1.906782600108280872e-04
1.878101438098856368e-04
1.786524583816689491e-04
1.546016572105397119e-04
1.979696700051807728e-04
2.299153335813525060e-04
2.888189164525725608e-04
3.078283083777447887e-04
3.510086564011096117e-04
4.054680925520266722e-04
3.916133081601176147e-04
3.924760591341067378e-04
3.543869793265154357e-04
3.433293055896112522e-04
3.322437316625873114e-04
3.493802904587836990e-04
3.150279325681238566e-04
3.105773423577983384e-04
3.077424165534972168e-04
3.111699437072079481e-04
3.382541385158875256e-04
3.472627062067878555e-04
3.781807537320649765e-04
4.023194492102010410e-04
4.060466312376474068e-04
3.866341332447655477e-04
3.770557411782658980e-04
3.898988138643140629e-04
3.684165799448801959e-04
3.480180277013931686e-04
3.526021213496721013e-04
3.817900182449502711e-04
4.258735207691467252e-04
4.337444231891703517e-04
4.473244688343096741e-04
4.491009574564641758e-04
4.226762456862695905e-04
4.196567949676643645e-04
4.337117028697169458e-04
4.721432083679216675e-04
5.318392749635585288e-04
5.696682627118385654e-04
5.851479699969953235e-04
5.403661801951456121e-04
4.693344702999002228e-04
3.516129615129042971e-04
2.771972470602549268e-04
3.093117079025298828e-04
3.255406977123238735e-04
3.184320666709593924e-04
2.911526304401330749e-04
2.356583595600696243e-04
2.139551193005256153e-04
2.429097001287662701e-04
2.592992065182576802e-04
2.744257691457055296e-04
2.787712998332881665e-04
2.901278007644974579e-04
3.006755896772395228e-04
3.060374965589467903e-04
3.158761948232568476e-04
3.257030858160336363e-04
3.381250247503251542e-04
3.700153452971544901e-04
4.209873211086365878e-04
4.708881034964690262e-04
5.152250667733654973e-04
5.557557213916513921e-04
6.230939770060281825e-04
6.947377628161106921e-04
6.906714696225019256e-04
5.926999552507310805e-04
3.957013885774290072e-04
2.747693197453554754e-04
1.473116203185119563e-04
2.284374223474211507e-04
2.886843998651719419e-04
2.145583368302805198e-04
2.795373507519410589e-04
4.115865132727515845e-04
6.248812458364918793e-04
8.222434338653855212e-04
9.133051588711095167e-04
9.568703401234861976e-04
8.563753208622573764e-04
6.557192323161106047e-04
4.693748144084318018e-04
3.428901408621295695e-04
2.486724636755041542e-04
2.644029630165558296e-04
3.548688541468785970e-04
3.845174224735597892e-04
4.241648089212640520e-04
4.859501159098600191e-04
5.498829523003587053e-04
6.161842125529965603e-04
7.743643835002370340e-04
9.003899675754441657e-04
9.525755689770142596e-04
9.023427079834571126e-04
7.399167118365917008e-04
5.676233667543826786e-04
4.562261666028860608e-04
5.070973130085862542e-04
5.381391103555053113e-04
5.168489029819644653e-04
4.666277854295585803e-04
3.675390957634566864e-04
3.538614426932786472e-04
4.583811510900649938e-04
5.750118529145114253e-04
6.283537073150139655e-04
6.264243387048466045e-04
6.082239170270442195e-04
5.806248498739056962e-04
5.338272135211004962e-04
5.035575943570888991e-04
5.017201152080121712e-04
5.095891312742277784e-04
5.335857789053631084e-04
5.451564887745851328e-04
5.531749773753051732e-04
5.410792954150305195e-04
5.247425023546453205e-04
5.155198526669294489e-04
5.080808669443053534e-04
5.011164085722746636e-04
5.130780287858438624e-04
5.197970102646851630e-04
5.012525799827402106e-04
4.538379244465010239e-04
4.642768155684360936e-04
4.789921389005948808e-04
4.734536301206844532e-04
4.788419578888130062e-04
5.158704289087505087e-04
5.342787061930119553e-04
5.611488722463841986e-04
5.773021705054564570e-04
5.824693746604600554e-04
5.677966891877353874e-04
6.234123130344903108e-04
6.251565234570033045e-04
5.993970364385467270e-04
5.044120355564981565e-04
4.194660661096123711e-04
3.413528914733755955e-04
2.491519846146751931e-04
2.351687571975495433e-04
2.692781264607941130e-04
2.901598723349240881e-04
3.773134352953470740e-04
5.084653034762861385e-04
6.049125614591132358e-04
7.474725414137959592e-04
8.661583750099854234e-04
8.770610624646213091e-04
8.173376569134568025e-04
7.485201166516728278e-04
6.573746255029642689e-04
5.504366853039302076e-04
4.483357242112375384e-04
3.618987454459998330e-04
3.216493804679053056e-04
3.053893800891752889e-04
3.454903255530870931e-04
3.902459367149623253e-04
4.505269124719232451e-04
4.746942703238214386e-04
4.923479407248681963e-04
5.366934136243623876e-04
5.385575016589428483e-04
5.118254878101591689e-04
4.400054362928821792e-04
4.032535942753397227e-04
3.704444904385000253e-04
3.370396348721548712e-04
3.039765278929882925e-04
2.904450465397978554e-04
2.966981632772897168e-04
3.450680039669465869e-04
3.814679163353550053e-04
4.076246595481363604e-04
4.233879456651246076e-04
4.497148492594468219e-04
4.279673758763495942e-04
3.558650256462539689e-04
2.490517650614506315e-04
2.089815541203600402e-04
1.792432463403655508e-04
1.808589461541403010e-04
1.935781394755855904e-04
2.344550680940384144e-04
3.363990564006327289e-04
4.866707854685989906e-04
5.431462074241866526e-04
5.544757261087572336e-04
5.364836258947761451e-04
4.853175818143956274e-04
4.339061329492930837e-04
4.047356635359110918e-04
3.841871851438906967e-04
3.702071918638770551e-04
3.585488937770566343e-04
3.458570641695488308e-04
3.420536494881567646e-04
3.385645411763146644e-04
3.377771557744047026e-04
3.468480950931394956e-04
3.585078688889979572e-04
3.568685321820330193e-04
3.597270032576084910e-04
3.623935363580032838e-04
3.649916516878047969e-04
3.682290859488390028e-04
3.679600419627613575e-04
3.663685291386537370e-04
3.610836304206402228e-04
3.543598188010674754e-04
3.541182676008951648e-04
3.588273794238702914e-04
3.544538699910978964e-04
3.539091197811629233e-04
3.116370837559110317e-04
2.994523331437597764e-04
3.024016927367185678e-04
3.061503879527316136e-04
3.472392096202833712e-04
3.533924199228109949e-04
4.103409618629788916e-04
4.582844812081080204e-04
5.248605606084384007e-04
5.910104159935256453e-04
6.212844849329743607e-04
6.241679344336194734e-04
5.763138764520697298e-04
4.731550659065009113e-04
4.116450022365559722e-04
4.269764546034632985e-04
4.474705469582431253e-04
5.269179782024385490e-04
5.727212115115429747e-04
4.865504967523474628e-04
4.328073412385414977e-04
4.605963998064036610e-04
5.846998953149425658e-04
8.096577785719454978e-04
9.256381345929443234e-04
8.409537602828008780e-04
6.861110324634253849e-04
4.270148156228998140e-04
1.856223711860038417e-04
6.095513331508497406e-04
9.533204432386043620e-04
1.042311606485718826e-03
9.179224495263581382e-04
5.518249330981996395e-04
3.770438476377001844e-04
6.451786096911624061e-04
1.039709291865107159e-03
1.202014608597356485e-03
1.245917362912643111e-03
1.106269119234996661e-03
8.194460388680778517e-04
6.141290774080945163e-04
6.959676660372354816e-04
8.963173522631302228e-04
9.659186681725410225e-04
8.123838647588707031e-04
5.613912530937455658e-04
3.813420424489010656e-04
4.679279029184433896e-04
6.071629510254702468e-04
6.340854664756373580e-04
5.781968665279195192e-04
4.984215987214220267e-04
4.415523129272044432e-04
4.258751474943067911e-04
4.309471881050113773e-04
4.680965247616214573e-04
4.843734482077078382e-04
4.631564168176060875e-04
4.314977644311622832e-04
4.119793481077068113e-04
3.904725619925688532e-04
3.832702173554401867e-04
3.866471065994689978e-04
3.905297327505602347e-04
3.975859557887828589e-04
3.949876873283610199e-04
4.040394747847668661e-04
4.157867294635120216e-04
4.256484310006381617e-04
4.324615246200473606e-04
4.361305897548843191e-04
4.374595014367875598e-04
4.432820057920501913e-04
4.508598809066664197e-04
4.479088068184188865e-04
4.260094045189978681e-04
3.931014996436002322e-04
3.768709960090169770e-04
3.938890474890683648e-04
4.764601627336340246e-04
6.143511072467792338e-04
7.693330305437097883e-04
8.448358801698261809e-04
8.989084904335051338e-04
9.266495135758487161e-04
8.159326562061317576e-04
6.758960430330458171e-04
6.021218037462076683e-04
5.894767168801270029e-04
6.497207537094300527e-04
6.902980608912898369e-04
7.179736934813586062e-04
6.274221293719149661e-04
5.466506161499605672e-04
4.783105326558857273e-04
4.663146036321637387e-04
5.244133100569519507e-04
6.581488730903048076e-04
7.816854658239992277e-04
8.138240689616695923e-04
7.337550997956040696e-04
6.454443185581786513e-04
5.191616038600410437e-04
4.882443268363830273e-04
5.168677590508271398e-04
4.922659101608030385e-04
4.066782841280361469e-04
3.570781569717260758e-04
3.812339929206524100e-04
4.850182748016300567e-04
6.587082948518481603e-04
8.356985528684512769e-04
9.018859104463304707e-04
8.911896794549482729e-04
8.338246424559407058e-04
7.634227598553220383e-04
6.505318525292539886e-04
4.856002542750072854e-04
3.996398459652915520e-04
3.574502501242668266e-04
3.381246147276537940e-04
3.920838967696054530e-04
5.153506387600768728e-04
5.808592363057025207e-04
6.237861067352616683e-04
6.633780462081270094e-04
6.902764211123116637e-04
6.864687605184244690e-04
6.348056543769119283e-04
5.887190129111709649e-04
5.309493532510013280e-04
4.955363195683630713e-04
4.826130960384509639e-04
4.973085078808706224e-04
5.561256359632018925e-04
5.982960435660171191e-04
6.763025673647755399e-04
7.560207428015119652e-04
8.634053814707481423e-04
9.879339262722310923e-04
1.100218721050878539e-03
1.202819898254632721e-03
1.243248588592845870e-03
1.249485261089466719e-03
1.253988170020781025e-03
1.260588747622438336e-03
1.223387107315768293e-03
1.143723957052721280e-03
9.860591119425156544e-04
8.349959750160427813e-04
7.531564342735492471e-04
6.983091170873281534e-04
6.290127250867453938e-04
5.502544869415026572e-04
5.280191642689095787e-04
5.610275991710977949e-04
6.128779254684149636e-04
7.066955400950742641e-04
7.956109094925225070e-04
8.315221504579444010e-04
8.500909272641328420e-04
8.322609266733078893e-04
8.124399011263914745e-04
8.120168585612844983e-04
8.043233994322394713e-04
7.724340326197199789e-04
6.647407465021594941e-04
4.912492078688336086e-04
4.374845697832341319e-04
5.143694431193733150e-04
6.727725599970758126e-04
7.966569819329443218e-04
7.856017752267178099e-04
7.777822924977331482e-04
7.102833696985450277e-04
5.681816898968132480e-04
5.743208830721200026e-04
6.882219808294808222e-04
8.216779957839648752e-04
9.000366787279242328e-04
8.186433700579844475e-04
7.001534466711803115e-04
6.350230695081971258e-04
5.761221322223005837e-04
5.246549468294666591e-04
5.281000424369486921e-04
4.983801213209317982e-04
6.303531015925829253e-04
7.452390385103968822e-04
7.850363172928234408e-04
8.689819037217052242e-04
9.864087897362488686e-04
1.097448532788108120e-03
1.182495699677532045e-03
1.318285008102446434e-03
1.308474395596185592e-03
1.165284114631580424e-03
1.027950276704163836e-03
7.928310065570077841e-04
5.220913454669726551e-04
4.446296812700244855e-04
5.129521106018452865e-04
5.852268956816888620e-04
6.228006418567762388e-04
6.753532752148323250e-04
7.286019054952874198e-04
7.424425316055174775e-04
7.864365453752611770e-04
9.097782895897937438e-04
9.897560842702982607e-04
1.027955765185796771e-03
1.014770710847002913e-03
9.717336065614643739e-04
9.381865848901128294e-04
8.897690551003223066e-04
7.874428223859903210e-04
6.617396650808772540e-04
5.662138590351290359e-04
4.852922828144411518e-04
4.112853514847795446e-04
3.848605342900116456e-04
4.181609450944991286e-04
4.549461538187489344e-04
5.531382540256501263e-04
6.568917987247892666e-04
6.787616026758659746e-04
6.518182443245620732e-04
6.543211940423665106e-04
6.710387872789267240e-04
7.057236225511890997e-04
7.174742506190161630e-04
6.855285244601813655e-04
5.536564091143619890e-04
4.747135645531337135e-04
4.600884980340338168e-04
4.830341649481792172e-04
5.645755060905793777e-04
6.370466020502872813e-04
6.532527988826423299e-04
5.616041267842695507e-04
4.755049166509238054e-04
5.011022341229777466e-04
6.679694850632158587e-04
7.974929325043384094e-04
8.331696636905865701e-04
8.757717133395888018e-04
8.052577621890121863e-04
7.263122032371213677e-04
6.658540924000376114e-04
6.219725795462030613e-04
7.322121318652712952e-04
9.303768508183504629e-04
9.357350171912685215e-04
8.492956869228601930e-04
8.632665020781753792e-04
8.883129956945720824e-04
9.055231438693631292e-04
8.808553613405973584e-04
8.503217021504471795e-04
7.817111249327540669e-04
7.254035686352152019e-04
6.807886142213934611e-04
6.509187165926357118e-04
6.961866867603352374e-04
7.133572104798793691e-04
8.645191583698920781e-04
7.966696400826490596e-04
8.447651316290325776e-04
8.315306973943876025e-04
8.156085987648924868e-04
8.207533613815479710e-04
8.503120577315021822e-04
8.275943022482667435e-04
8.548926996435041560e-04
9.617619234948617413e-04
9.702631581954091009e-04
1.014821374713343423e-03
1.114015109438140291e-03
1.102080864443517275e-03
1.009295867998237853e-03
1.016373841607921260e-03
1.054692931675325516e-03
1.044410551515659487e-03
9.905631224278298869e-04
9.905110753344404176e-04
9.866989978251864551e-04
1.003459504140946602e-03
1.063732207798885913e-03
1.016279573350069819e-03
9.341774155773675597e-04
8.434245588672187321e-04
7.276668015423269457e-04
7.096554285505125761e-04
6.393523897775422061e-04
4.992757400584254364e-04
4.336430106772775251e-04
3.631123010322518220e-04
3.531551463625890569e-04
3.799957162413961586e-04
4.718847573424898791e-04
5.235123466664045244e-04
6.035063973208983686e-04
6.817172358639090029e-04
7.506593944143917551e-04
7.817230250643102292e-04
7.422363290050423531e-04
6.973709547591888094e-04
5.928885824101029663e-04
5.043374429547119652e-04
5.046715566993170091e-04
5.619548803685037175e-04
5.972603643206345981e-04
6.325396542433685699e-04
6.212172138695452005e-04
6.103214280935251876e-04
6.118259793068426275e-04
6.015612835560925830e-04
6.029590210884017750e-04
5.917252654320816728e-04
5.786219655182789096e-04
5.704070735509735686e-04
6.142494186342931182e-04
6.532067426853624620e-04
7.147327653244134760e-04
7.371847860084142744e-04
6.925229175787869264e-04
6.912319805552294026e-04
6.607210513051591958e-04
6.489353908271748832e-04
6.580923805799578346e-04
6.923128929404236912e-04
6.918217711249139389e-04
6.406630194063558372e-04
6.039797970347234165e-04
6.167048375134227996e-04
5.992778477494545676e-04
6.198398402893653914e-04
6.976333460192431181e-04
7.292024451097417915e-04
7.417911520080449315e-04
7.250588522668034589e-04
7.094578532017558085e-04
7.757321343295194103e-04
8.346805384709468385e-04
8.447570012439211068e-04
7.741580024877989718e-04
6.257470182231749875e-04
5.510588638278356459e-04
6.266784929866201469e-04
7.327001243423316530e-04
7.358522018018188006e-04
7.562353659267385215e-04
7.933208315503861938e-04
9.202191805237562149e-04
1.041141750069174291e-03
9.791766655903998574e-04
7.766400926709273464e-04
5.296741415713440010e-04
3.544765948404865995e-04
4.497770187135050296e-04
5.717098688523671122e-04
6.213591162052775358e-04
6.279113261765200240e-04
5.751810252777699159e-04
5.468714885196628624e-04
5.914812405024197752e-04
7.440620554288149453e-04
8.236696940264404479e-04
9.008726128661404767e-04
9.834062884187719754e-04
8.988970007440859550e-04
8.221192200571166876e-04
8.776297108642999289e-04
9.117750738551677267e-04
8.282467773240658306e-04
9.031758964477016455e-04
1.007195194586306929e-03
9.784750853889751052e-04
9.159875587180373816e-04
8.900075406042068588e-04
8.860260233461402781e-04
9.121298296070268685e-04
9.369345594395689413e-04
9.329085240805183284e-04
8.396169843249084259e-04
7.849881058406535427e-04
7.239402111491036922e-04
7.977094166552955133e-04
9.960190266323303530e-04
1.078298056744954759e-03
1.079977729847760330e-03
1.018503218320758203e-03
8.883724162062694388e-04
8.019850547931170514e-04
7.705081597493307777e-04
7.390784324007398888e-04
6.780907519121653513e-04
6.376585089725745215e-04
6.227767101004326802e-04
6.198410855175346670e-04
6.152673125678649992e-04
5.743002614370180036e-04
5.247466939986806600e-04
4.095968618938160559e-04
3.046094001786420788e-04
2.635788015216203859e-04
3.304617748989205762e-04
4.349746578571994605e-04
5.727601823764417056e-04
6.731108597284632096e-04
7.216168513390671790e-04
7.460955100618221021e-04
7.565609810046755850e-04
7.859297350111513246e-04
7.993311429034594866e-04
8.224113604300420377e-04
8.848531319427439552e-04
9.697274605125038704e-04
1.027622556327376915e-03
1.108705144317817222e-03
1.138486086185868740e-03
1.182552826115890448e-03
1.153104652945370146e-03
1.058766070971720952e-03
1.019312692034108269e-03
9.663979540313454844e-04
8.994073295387441285e-04
8.042551361750120524e-04
7.229613282713820204e-04
6.939500482170147264e-04
7.024730144178023550e-04
7.282042748353497732e-04
7.457396790865806254e-04
7.408930527596494691e-04
7.150244133057649144e-04
7.066981521762395616e-04
7.321450963813370657e-04
7.661081387449832124e-04
7.801473397929001123e-04
7.723269678729836277e-04
7.641435373169781341e-04
7.689380787920887823e-04
7.807151481185450664e-04
7.906645009266896184e-04
7.915414437681253176e-04
7.936363516785468683e-04
7.961311587560951277e-04
7.962366352276937674e-04
7.978265535033002287e-04
8.001713502055836282e-04
7.972053489174149750e-04
7.937104116547434845e-04
7.924575102400178723e-04
7.895119112850623950e-04
7.870783073176885244e-04
7.845218726836141127e-04
7.833749227341977369e-04
7.853098141026817374e-04
7.845798590027107432e-04
7.852250221336966405e-04
7.879498799551625833e-04
7.867490230237606311e-04
7.866744020217721111e-04
7.868219926288244539e-04
7.856394455159927811e-04
7.884073054059658999e-04
7.855235605050866739e-04
7.851443318043067844e-04
7.857478457200842929e-04
7.845831334923846195e-04
7.848661524623778496e-04
7.843717024979824900e-04
7.826887898196861326e-04
7.829928777513447393e-04
7.839680593381024784e-04
7.837033260776394596e-04
7.822517629004793098e-04
7.816486513303479676e-04
7.825001221350791694e-04
7.834915472133814705e-04
7.837332527913233550e-04
7.835564469799875592e-04
7.831584421313722566e-04
7.821464639186228663e-04
7.830069090295421145e-04
7.845364179927139664e-04
7.851030760654497233e-04
7.840565214410078745e-04
7.838509300776097619e-04
7.820428427920731547e-04
7.838200572312151691e-04
7.860581579821291839e-04
7.821638628110764904e-04
7.832497274559878852e-04
7.876544551247341690e-04
7.816128729261468365e-04
7.842469274019005536e-04
7.836733049215760831e-04
7.839617081417008882e-04
7.825859321487815866e-04
7.843260804673861299e-04
7.834942583134236332e-04
7.834602479908956514e-04
7.857702143010595166e-04
7.829142044490317118e-04
7.835531591602353223e-04
7.864015926793742686e-04
7.828910911993765785e-04
7.830817187106959166e-04
7.822726436278472882e-04
7.841180830063284712e-04
7.823641206733418898e-04
7.829239054540945535e-04
7.843481420545512063e-04
7.834401361445366644e-04
7.807221573837258132e-04
7.845766723236296484e-04
7.824399145432254458e-04
7.842621569361576256e-04
7.842080114759070273e-04
7.834554734368792857e-04
7.827505133083977659e-04
7.854414084873991833e-04
7.838237610325753980e-04
7.856360102316687407e-04
7.840245242610306654e-04
7.851488907101466424e-04
7.825272669721235370e-04
7.823629457448464655e-04
7.832344210373641015e-04
7.833360367076368583e-04
7.813447909927223904e-04
7.844656756098277719e-04
7.846760708209190010e-04
7.841003930267700147e-04
7.819545810752343310e-04
7.816180161489094495e-04
7.834736491958058623e-04
7.857217742270692501e-04
7.849253118524156464e-04
7.830412018598361919e-04
7.835133665274127005e-04
7.831492015787762601e-04
7.841902220723268209e-04
7.810465690524099865e-04
7.849670257529721504e-04
7.834102962650120981e-04
7.857024869452057221e-04
7.839446597503567371e-04
7.841419185843904365e-04
7.809912100012435850e-04
7.826395159204865750e-04
7.839934985556025904e-04
7.826555792315621762e-04
7.859755060608817397e-04
7.855706749564281798e-04
7.840463291555072609e-04
7.844746249718770499e-04
7.839520351546439307e-04
7.828658363860169700e-04
7.824625436978913324e-04
7.872045560498447392e-04
7.841663741814032963e-04
7.819081235041583930e-04
7.868995090813381494e-04
7.831965245980734239e-04
7.823815676591382986e-04
7.825510886282301170e-04
7.844606752451185622e-04
7.870010643464990041e-04
7.843860557748318909e-04
7.831206788337626359e-04
7.841242477935962728e-04
7.837531652921841171e-04
7.848948082971448845e-04
7.868246294598779797e-04
7.837721599722609865e-04
7.849808747641967436e-04
7.852767732354009548e-04
7.840650353345440153e-04
7.839966169428436204e-04
7.859889521825697131e-04
7.839597115298007702e-04
7.855302955443260954e-04
7.814056717736810520e-04
7.873678019547033537e-04
7.841428554686506042e-04
7.833652349232038880e-04
7.825939790461198305e-04
7.834577472533510922e-04
7.837690508001469904e-04
7.844370092837291922e-04
7.840001643801686312e-04
7.836602222267699059e-04
7.832887569203849168e-04
7.832054543653746773e-04
7.819208284783485006e-04
7.840737595077902503e-04
7.848659277769948119e-04
7.831209761280504564e-04
7.836013991180826397e-04
7.848634321872223268e-04
7.837132178925879881e-04
7.836373266235717276e-04
7.875094105527024419e-04
7.845310490359753541e-04
7.844810570746239570e-04
7.836647222320504208e-04
7.838474324869972292e-04
7.860032412244213678e-04
7.852595057933306781e-04
7.851805234270993125e-04
7.844458281196452741e-04
7.849515802787009446e-04
7.836523044375524492e-04
7.820233261053395266e-04
7.858142672425341138e-04
7.854416661404014155e-04
7.843028071680662860e-04
7.843007153145327946e-04
7.853905299860136939e-04
7.826614506725654893e-04
7.873122038090106566e-04
7.843152515014023335e-04
7.830116515541577556e-04
7.852326198085682590e-04
7.835886484699368121e-04
7.843444924982608934e-04
7.857636799530699550e-04
7.828899638794168661e-04
7.851305370933685723e-04
7.855018382185698306e-04
7.843552225842561829e-04
7.851497046894700396e-04
7.840657752027348172e-04
7.824085131984772658e-04
7.832484427305552938e-04
7.826378487655906695e-04
7.850982471690117360e-04
7.847953015510103145e-04
7.854928808255723588e-04
7.850103145684004559e-04
7.833065933091643831e-04
7.824060903573557425e-04
7.844358211875269342e-04
7.844429370698306888e-04
7.833272453153782575e-04
7.852016102896742849e-04
7.849505179779895725e-04
7.875337297235338605e-04
7.858624017516562671e-04
7.839744637860734553e-04
7.834752111905096900e-04
7.857554640338616433e-04
7.833029948174963274e-04
7.823025208780597789e-04
7.818105489289130369e-04
7.848448263624841197e-04
7.865222154640369142e-04
7.884364430117570509e-04
7.837609340395947912e-04
7.844352582600564545e-04
7.836309117997722990e-04
7.836224972443071304e-04
7.847614146330413650e-04
7.837423370288309826e-04
7.857598477758617967e-04
7.824604458190988817e-04
7.827438321040247051e-04
7.858663453829453074e-04
7.826278011995287456e-04
7.849335953488954278e-04
7.832974676579808814e-04
7.828563169106358228e-04
7.836685864027615866e-04
7.837641416001777089e-04
7.845199755648285880e-04
7.833617924397929264e-04
7.840970685457284307e-04
7.857507906082468289e-04
7.838985297376659458e-04
7.839286590143259995e-04
7.848642863230753013e-04
7.838535961979857742e-04
7.859100083406559811e-04
7.843511810733438993e-04
7.825753589330703124e-04
7.860948994541761643e-04
7.874354208593928664e-04
7.808210291238241313e-04
7.836717912720772648e-04
7.844275166133625249e-04
7.845923383239904311e-04
7.861688459894437125e-04
7.858163756254218793e-04
7.829975301907103570e-04
7.836725380583077754e-04
7.835839268549699664e-04
7.866066103182614479e-04
7.875870880560962347e-04
7.869743595598193819e-04
7.861352629489590281e-04
7.856944361278159119e-04
7.855884887424313331e-04
7.831558992136695681e-04
7.823056022323627862e-04
7.870258286716151673e-04
7.843542920495961144e-04
7.833385735182823040e-04
7.836740039091238301e-04
7.850641418622268577e-04
7.839106490339997971e-04
7.824560115024947618e-04
7.845777135544258936e-04
7.846515373971865714e-04
7.835196724324593144e-04
7.839792756773471304e-04
7.825353849871475231e-04
7.831357979492831623e-04
7.826842678940052270e-04
7.839378472225328647e-04
7.853508405611214467e-04
7.866491655941294965e-04
7.850716184914316052e-04
7.846302404558515471e-04
7.828893604987376782e-04
7.835359303078250504e-04
7.833340063994382761e-04
7.869178162369839689e-04
7.845101618154771235e-04
7.843897595634917756e-04
7.820101914355042511e-04
7.838080652232157046e-04
7.822152695474699066e-04
7.843995162086252930e-04
7.844059753909730232e-04
7.842401809238260099e-04
7.831897346764004437e-04
7.817032225161482141e-04
7.852658773345285370e-04
7.852938779556929054e-04
7.808567278893025626e-04
7.835645661347339763e-04
7.864805708256987667e-04
7.836881224825568070e-04
7.849470022086766328e-04
7.838948592409448199e-04
7.847825617791465667e-04
7.862845870972679863e-04
7.830851277065876970e-04
7.848930756874329326e-04
7.847399341974452139e-04
7.824943413058893732e-04
7.827266598310576038e-04
7.853238591285846689e-04
7.837564292843922495e-04
7.850114743317251117e-04
7.849883652071950246e-04
7.838467722142846393e-04
7.846645506339448200e-04
7.833078905473651399e-04
7.848961701035926577e-04
7.842211139993516102e-04
7.824550706037762321e-04
7.844223738436972154e-04
7.849751258131400017e-04
7.849297483778749354e-04
7.857495771051750373e-04
7.813267770968470964e-04
7.859559065112054757e-04
7.828633084583337069e-04
7.852353076705114766e-04
7.845751518105621974e-04
7.836219639967195510e-04
7.848201934405018817e-04
7.842536880698734855e-04
7.839003188755061047e-04
7.852167345779343267e-04
7.867247860317420124e-04
7.823537348681938123e-04
7.862660701627937438e-04
7.848629041515985290e-04
7.841403524252268161e-04
7.851846403949211970e-04
7.848898498574907907e-04
7.848609454503660716e-04
7.846494761639947373e-04
7.838943501330008666e-04
7.843226995846716088e-04
7.852695732810977295e-04
7.839809969838374857e-04
7.849536403530862211e-04
7.841400798883072431e-04
7.821468851965774445e-04
7.845591358217383991e-04
7.849297227074707650e-04
7.848637868471608969e-04
7.842563267315520725e-04
7.856077210007876262e-04
7.847698387756315728e-04
7.842794522632467406e-04
7.875912573020632567e-04
7.849044620282012935e-04
7.827132096348870171e-04
7.829517476203676782e-04
7.839478532736546485e-04
7.831068645928359034e-04
7.878987466865892790e-04
7.855771869150319315e-04
7.828325934741271709e-04
7.828111748826628320e-04
7.831748426597694157e-04
7.848148444459432903e-04
7.832864923868740120e-04
7.830416409849670894e-04
7.825365987632329143e-04
7.833420217837872533e-04
7.830241083139355147e-04
7.848693119853362163e-04
7.845932858336903629e-04
7.854091974041562145e-04
7.846080243338995940e-04
7.822498637457578037e-04
7.837361318713534017e-04
7.852702237654138806e-04
7.818468737349418144e-04
7.847716479957543567e-04
7.868288964280391621e-04
7.851344362038387235e-04
7.855200809196260896e-04
7.834199773893871319e-04
7.821423788602209666e-04
7.869117135626501041e-04
7.847510740814458204e-04
7.855415686360190828e-04
7.833975423903137818e-04
7.861361360150461190e-04
7.844135425891688796e-04
7.867766972051989461e-04
7.864472940084016230e-04
7.876219978647866363e-04
7.840613617582539545e-04
7.844911564223860110e-04
7.850055544316957273e-04
7.846494168178111709e-04
7.874993543524928677e-04
7.844024057382617977e-04
7.847276089826011464e-04
7.846249081984815223e-04
7.850047271888918468e-04
7.837312293911593555e-04
7.840829433616303135e-04
7.861845813511204482e-04
7.838078608263795511e-04
7.845722260367728315e-04
7.851337998766428185e-04
7.843295344830973799e-04
7.832586143997871241e-04
7.829151315173239626e-04
7.850476384807441666e-04
7.840885358749956954e-04
7.847257250188570225e-04
7.844901910380703376e-04
7.862489598361593630e-04
7.852037304726149558e-04
7.844740363124341363e-04
7.841278246304816523e-04
7.828067154994897744e-04
7.852864236804861509e-04
7.847650484290069920e-04
7.853697322412581420e-04
7.841721566497104282e-04
7.837134679948710558e-04
7.845934245037371624e-04
7.824365483839791375e-04
7.854994098078846168e-04
7.818917621442984627e-04
7.855822078861014008e-04
7.833428304842886747e-04
7.857015239256286620e-04
7.856166373089247578e-04
7.853673441465502643e-04
7.831883062211251545e-04
7.846494835613384341e-04
7.853001828682303846e-04
7.858446955277106818e-04
7.839762507580737326e-04
7.831231707893345417e-04
7.824155942522940292e-04
7.837006587478066505e-04
7.840833347753038132e-04
7.846663014174228663e-04
7.836700938563085587e-04
7.850853964410181790e-04
7.841784814087243661e-04
7.811052607216194613e-04
7.870805466674260682e-04
7.855584015911535635e-04
7.834243699250667201e-04
7.844093313556810840e-04
7.835779507481263140e-04
7.840487967176277152e-04
7.846331393932752096e-04
7.835842726270865260e-04
7.816477811276659193e-04
7.833579599375645923e-04
7.837523421639193497e-04
7.827327458822745231e-04
7.853923866242620020e-04
7.820516436786975525e-04
7.861840991660828904e-04
7.829370865042043414e-04
7.832507560000454266e-04
7.830905577394603684e-04
7.835111548136116646e-04
7.828113824400172735e-04
7.848779423712103770e-04
7.856490835633061489e-04
7.837185339686049889e-04
7.857752221310668542e-04
7.821431217666222936e-04
7.840255310610924969e-04
7.885362078668804470e-04
7.816192409158955216e-04
7.852790353251560499e-04
7.869274174672443497e-04
7.823170057677392977e-04
7.841682317538544063e-04
7.864738750195721974e-04
7.847900820171339149e-04
7.833622358674666294e-04
7.853745259782385357e-04
7.839098873975579480e-04
7.864224696583985976e-04
7.842110664199869593e-04
7.846184426240316668e-04
7.829889409939732583e-04
7.853207666845789378e-04
7.826616082807659599e-04
7.834789028464274980e-04
7.837992152507821048e-04
7.848230818160968972e-04
7.890543678757586891e-04
7.847630086376245319e-04
7.864989830273005694e-04
7.849678263874658576e-04
7.868670647417164501e-04
7.843588370488249750e-04
7.855476419900326874e-04
7.843423585762501196e-04
7.848592322969818362e-04
7.864501619148958319e-04
7.837944969398664107e-04
7.825125385479999966e-04
7.831851854688684977e-04
7.835277832015903957e-04
7.850837437496111654e-04
7.845505643151618348e-04
7.851389208719589856e-04
7.838139575868139459e-04
7.855768883565594990e-04
7.848891871835013238e-04
7.854139106772495358e-04
7.875647987180585266e-04
7.863900615890877634e-04
7.840532207231922695e-04
7.827559680649642327e-04
7.840991660125736038e-04
7.845568834651576399e-04
7.840162919918761087e-04
7.820255093529174771e-04
7.827261480403441708e-04
7.844039059031358493e-04
7.837800672198597584e-04
7.850750037491980964e-04
7.844589196882797728e-04
7.822338725266872028e-04
7.843209335681908777e-04
7.841520021638696521e-04
7.839048275786075120e-04
7.838303155467468350e-04
7.820206852514113025e-04
7.847199787526531632e-04
7.871431282059683249e-04
7.845766913515823645e-04
7.834385657187673121e-04
7.841356070894188153e-04
7.832218731527383323e-04
7.841493088445329997e-04
7.816144450860783733e-04
7.833681017046685569e-04
7.866752300002290664e-04
7.852340830856560823e-04
7.837307074343562727e-04
7.844470529067993497e-04
7.870361271007157667e-04
7.855357040349662508e-04
7.831353761103567422e-04
7.840737580168960367e-04
7.854950928030662166e-04
7.876436166332739363e-04
7.865937138372693874e-04
7.854865541773643246e-04
7.846536037195054420e-04
7.829782146608469696e-04
7.851957025492285703e-04
7.858803090698410947e-04
7.878958003238645171e-04
7.838323491789722349e-04
7.829327229972768117e-04
7.842578512872256172e-04
7.854461552181024511e-04
7.838192211484577799e-04
7.826532487694616439e-04
7.848219843585625428e-04
7.842945308267213877e-04
7.839002565030138425e-04
7.842434800918627550e-04
7.850733905796769552e-04
7.853926915487990110e-04
7.861167053727713752e-04
7.853558572218184361e-04
7.853395506279346565e-04
7.852971711237244704e-04
7.869044394614371296e-04
7.842813539938365847e-04
7.823463214359994066e-04
7.834260780290950568e-04
7.838871528429369132e-04
7.869059962690856365e-04
7.844263059738614419e-04
7.831475562372408258e-04
7.842947800630303877e-04
7.818956036358249264e-04
7.855275090253271541e-04
7.859064741277267240e-04
7.868422035601537043e-04
7.844681083096931079e-04
7.833845715014163200e-04
7.826435601414654048e-04
7.861921035541096338e-04
7.872609945894189828e-04
7.844927919181241991e-04
7.844272102840365787e-04
7.850182617478021008e-04
7.831097526700972955e-04
7.872580044581452144e-04
7.850863623334020493e-04
7.849517304054354477e-04
7.840877611262201449e-04
7.870659599351447063e-04
7.821033378136315901e-04
7.831249299614384280e-04
7.844538639393090415e-04
7.842499003016236087e-04
7.845358943779852422e-04
7.859465438243782567e-04
7.840087517456491208e-04
7.849547723241004317e-04
7.845126481979412987e-04
7.821550264734561126e-04
7.832580986878045657e-04
7.831469859618704968e-04
7.830636854159426109e-04
7.819093336004703928e-04
7.819773748865827120e-04
7.828224095643597155e-04
7.847089217851206276e-04
7.875316981441268793e-04
7.840283641722800958e-04
7.837894215663835946e-04
7.828673661598211297e-04
7.826267543917962352e-04
7.865509752542714471e-04
7.882358036562964361e-04
7.848255238758995375e-04
7.823229109464985807e-04
7.843375931340371881e-04
7.847361726314130330e-04
7.837353387812746571e-04
7.861505345426178515e-04
7.835499738024973276e-04
7.836897060075136926e-04
7.856306670403692812e-04
7.821863323276659645e-04
7.835728466409512061e-04
7.829126877567764171e-04
7.858299662683040183e-04
7.829910703606795478e-04
7.884767255156620649e-04
7.835844009864177196e-04
7.846967241414176024e-04
7.823381843184440149e-04
7.821143065191467477e-04
7.848299840654110980e-04
7.838203032104251516e-04
7.851145957019647036e-04
7.850020963661655119e-04
7.831955475747778232e-04
7.847761623599746900e-04
7.832389431539191248e-04
7.850321939683169549e-04
7.870606999018505768e-04
7.824101616277983695e-04
7.857658576609816321e-04
7.826753174166391257e-04
7.847115756443321169e-04
7.860507579419302986e-04
7.846683176939688725e-04
7.826204783047209556e-04
7.818756048825695063e-04
7.836606470288100213e-04
7.874490158793613723e-04
7.848482863694077787e-04
7.841259767013176877e-04
7.842641843116466855e-04
7.835766441867834725e-04
7.867946793589917533e-04
7.849659513745254821e-04
7.824515375946482481e-04
7.869126926695196866e-04
7.835681367054016678e-04
7.835013858315516364e-04
7.866794528040399036e-04
7.862136936235477203e-04
7.831184031256797212e-04
7.859837745198249839e-04
7.850445566472420136e-04
7.881579719727083155e-04
7.839366627472962217e-04
7.874487086756257236e-04
7.831659150196577544e-04
7.841120535401096322e-04
7.851205229632146620e-04
7.851293917561052819e-04
7.827820520202108260e-04
7.872703591952921786e-04
7.852640776169307136e-04
7.847189141013416079e-04
7.833929100278266919e-04
7.847484976065971377e-04
7.835808473391778564e-04
7.873545846121146694e-04
7.854696623791165193e-04
7.858499294868964442e-04
7.841164869344584244e-04
7.857100200529044433e-04
7.840660722330796903e-04
7.861714646936881568e-04
7.852354893660562626e-04
7.841803701979014034e-04
7.864743750989201376e-04
7.885174674025584697e-04
7.850455248187141518e-04
7.854960950182127014e-04
7.855777034405805014e-04
7.850788027638454496e-04
7.853139166651497589e-04
7.848151443090140792e-04
7.852334983233599883e-04
7.844801745564879136e-04
7.843719803470539315e-04
7.865305486553625901e-04
7.836961539093677395e-04
7.857602046844811006e-04
7.846151591666901447e-04
7.855449373830295954e-04
7.857401873288879113e-04
7.841955132816518913e-04
7.809828111134643151e-04
7.861195080612392921e-04
7.830353744251649858e-04
7.836360420207140465e-04
7.851728389232144221e-04
7.858819929501857171e-04
7.845020963190939408e-04
7.833892842235844504e-04
7.836442878749074045e-04
7.865015223290376580e-04
7.857255901603900968e-04
7.859257995540675206e-04
7.848110377168225626e-04
7.852211070697022888e-04
7.856485389185581189e-04
7.825656490927167903e-04
7.870944739290653813e-04
7.823799338817992964e-04
7.833492855014938900e-04
7.825113138547412986e-04
7.833059309678357899e-04
7.848914223460854225e-04
7.847082264105716696e-04
7.859548435922223937e-04
7.838158155473925201e-04
7.819697538620318071e-04
7.839513430719362731e-04
7.850751741800391943e-04
7.863938558949509728e-04
7.860898356057804395e-04
7.828945059020002125e-04
7.833650682853285146e-04
7.844739907371800621e-04
7.814294134282453487e-04
7.847417508322189223e-04
7.854801306383641345e-04
7.842135538561742156e-04
7.827342286613676089e-04
7.819778658965094399e-04
7.847130203768127926e-04
7.853684934117245026e-04
7.837819215150263917e-04
7.832969457770707581e-04
7.826315589910038707e-04
7.852694381223981760e-04
7.864056716978465441e-04
7.845715274315057716e-04
7.870195892907657286e-04
7.862434112523016905e-04
7.846838761360032605e-04
7.832088769914999013e-04
7.832196305693732300e-04
7.842543443624364237e-04
7.860137163972640050e-04
7.849574419638059115e-04
7.826131043294766269e-04
7.817760324276322795e-04
7.854045451577804267e-04
7.850284045456653106e-04
7.848656009530707682e-04
7.856586494163428098e-04
7.833057609282428153e-04
7.827920862959032939e-04
7.834742071202925292e-04
7.855066315282649555e-04
7.851851672496396864e-04
7.841831895863347326e-04
7.831090015007217877e-04
7.861852121538028893e-04
7.823047498359365567e-04
7.834267076501333056e-04
7.833665101001995685e-04
7.840048453185003482e-04
7.857625459506026137e-04
7.843455678531254015e-04
7.841840873807498242e-04
7.834362720465017386e-04
7.845135388476883950e-04
7.839594744772110813e-04
7.845773623085989818e-04
7.855998172132073673e-04
7.835315986224985390e-04
7.838889377335084112e-04
7.831889978319631984e-04
7.836247232632142026e-04
7.861751358152680629e-04
7.839562036291698819e-04
7.850482878348440628e-04
7.832185329446280124e-04
7.835646288187226183e-04
7.847737761009938038e-04
7.838949575930840782e-04
7.824129584467619681e-04
7.819747078325789587e-04
7.836815023487522704e-04
7.862988531686211993e-04
7.863601893598841635e-04
7.851275271715778140e-04
7.843265011613097292e-04
7.830099071100327969e-04
7.844280207124462896e-04
7.822279430922538445e-04
7.849900730254753736e-04
7.835986937510884109e-04
7.853076352014006552e-04
7.860284653994027487e-04
7.835608219040653003e-04
7.839330335583167197e-04
7.855595515336161053e-04
7.834597959542344021e-04
7.848662452167720757e-04
7.844010625055817653e-04
7.844185430181473172e-04
7.846806955148829393e-04
7.841935593555409215e-04
7.851028432359641058e-04
7.846370343518592775e-04
7.844396266131598537e-04
7.826557034080129822e-04
7.855463985580609342e-04
7.845188494291677368e-04
7.837824495037032596e-04
7.857283533107676556e-04
7.847810271408286673e-04
7.821534222945292648e-04
7.855953095823156639e-04
7.853015541997843390e-04
7.868061994939060154e-04
7.839093340777970615e-04
7.855478874777366369e-04
7.850942074679037120e-04
7.837863128470456530e-04
7.823987839538661376e-04
7.810180935489859089e-04
7.859627057735438498e-04
7.864645716824989309e-04
7.848393156520875420e-04
7.825997121337352610e-04
7.847747985735347917e-04
7.856353439750059448e-04
7.839412155821351728e-04
7.822722356820990342e-04
7.845418928334684351e-04
7.843079590203408261e-04
7.845574600142862830e-04
7.828411862373392928e-04
7.857605342298741363e-04
7.842102562945623160e-04
7.841491897265847472e-04
7.855854091830361896e-04
7.845332059361075951e-04
7.850663204735349246e-04
7.853422345207329829e-04
7.839102786332799357e-04
7.878354061680823165e-04
7.869133144839748645e-04
7.852308182650211046e-04
7.834473302009235113e-04
7.814361536576984804e-04
7.820407950092910518e-04
7.865420383889092310e-04
7.848275074966445204e-04
7.839659173430037166e-04
7.837060942268209065e-04
7.839421319121489930e-04
7.844949984031656439e-04
7.841520974547153957e-04
7.836396656578456131e-04
7.814400047512472464e-04
7.825112591469183913e-04
7.835766229503547328e-04
7.842353772347760658e-04
7.822325475404370365e-04
7.841173824677065678e-04
7.861928700823929720e-04
7.830224288198234803e-04
7.862083440057021167e-04
7.863969539165994354e-04
7.842226939210786936e-04
7.850316353715666110e-04
7.824695853475581225e-04
7.836365316354543991e-04
7.828077759799522252e-04
7.855460520698419585e-04
7.845652752327956277e-04
7.848752230035902942e-04
7.852726366819088536e-04
7.851038367231434568e-04
7.854521074287227787e-04
7.869559758505825136e-04
7.839323704263540752e-04
7.822221021508083804e-04
7.856523877219367697e-04
7.828936399038020390e-04
7.857764460080232313e-04
7.854677604945697498e-04
7.857858111903309436e-04
7.855296460491456925e-04
7.871896244610661775e-04
7.844296908647390137e-04
7.827475925481544019e-04
7.848082838799568797e-04
7.831842036634217678e-04
7.853137636750984673e-04
7.828343556555762174e-04
7.857780674490540433e-04
7.856969045272391410e-04
7.808964297353825860e-04
