1.519507408142089844e+00
1.538466930389404297e+00
1.558949470520019531e+00
1.579095602035522461e+00
1.598776102066040039e+00
1.619046211242675781e+00
1.638723611831665039e+00
1.658907651901245117e+00
1.678931951522827148e+00
1.698943853378295898e+00
1.718927145004272461e+00
1.738862991333007812e+00
1.758875608444213867e+00
1.778879165649414062e+00
1.798913717269897461e+00
1.818928241729736328e+00
1.838847160339355469e+00
1.858947277069091797e+00
1.879067897796630859e+00
1.898936271667480469e+00
1.918700218200683594e+00
1.938991069793701172e+00
1.958913326263427734e+00
1.978953361511230469e+00
1.998927354812622070e+00
2.018921136856079102e+00
2.038759946823120117e+00
2.058910608291625977e+00
2.078838348388671875e+00
2.098889350891113281e+00
2.118831634521484375e+00
2.138850212097167969e+00
2.158869028091430664e+00
2.178818225860595703e+00
2.198896408081054688e+00
2.218969106674194336e+00
2.238883018493652344e+00
2.258897781372070312e+00
2.278671741485595703e+00
2.298699140548706055e+00
2.318728446960449219e+00
2.338808536529541016e+00
2.358834028244018555e+00
2.378930091857910156e+00
2.398854732513427734e+00
2.418873071670532227e+00
2.438817501068115234e+00
2.458877801895141602e+00
2.479034900665283203e+00
2.498943090438842773e+00
2.518900394439697266e+00
2.538776636123657227e+00
2.559224367141723633e+00
2.578984022140502930e+00
2.598932027816772461e+00
2.618872642517089844e+00
2.640052795410156250e+00
2.658723354339599609e+00
2.678887367248535156e+00
2.698913097381591797e+00
2.718878984451293945e+00
2.738940238952636719e+00
2.758715391159057617e+00
2.778940200805664062e+00
2.798655986785888672e+00
2.818813800811767578e+00
2.838985204696655273e+00
2.858929395675659180e+00
2.878888607025146484e+00
2.898913621902465820e+00
2.918834686279296875e+00
2.938849687576293945e+00
2.959028005599975586e+00
2.978920459747314453e+00
2.998974800109863281e+00
3.018999099731445312e+00
3.038761854171752930e+00
3.058931827545166016e+00
3.078896045684814453e+00
3.098907947540283203e+00
3.118935585021972656e+00
3.138867139816284180e+00
3.158879041671752930e+00
3.178947925567626953e+00
3.198249101638793945e+00
3.218647241592407227e+00
3.238906145095825195e+00
3.258975744247436523e+00
3.278782367706298828e+00
3.298990488052368164e+00
3.318866491317749023e+00
3.339121580123901367e+00
3.358924627304077148e+00
3.378878355026245117e+00
3.398868322372436523e+00
3.418875932693481445e+00
3.438870429992675781e+00
3.458892345428466797e+00
3.478899240493774414e+00
3.498874902725219727e+00
3.518893003463745117e+00
3.538919925689697266e+00
3.558995962142944336e+00
3.578981161117553711e+00
3.598875284194946289e+00
3.618949413299560547e+00
3.639003753662109375e+00
3.658938407897949219e+00
3.678776264190673828e+00
3.698769569396972656e+00
3.718771457672119141e+00
3.738566875457763672e+00
3.758677721023559570e+00
3.778563022613525391e+00
3.798762559890747070e+00
3.818476915359497070e+00
3.838559150695800781e+00
3.858602523803710938e+00
3.878504276275634766e+00
3.898736953735351562e+00
3.918575525283813477e+00
3.938566446304321289e+00
3.958644390106201172e+00
3.978569030761718750e+00
3.998900413513183594e+00
4.018491029739379883e+00
4.038624763488769531e+00
4.058585405349731445e+00
4.078571557998657227e+00
4.098629951477050781e+00
4.118572950363159180e+00
4.138536214828491211e+00
4.158586502075195312e+00
4.178578615188598633e+00
4.198721408843994141e+00
4.218540191650390625e+00
4.238545417785644531e+00
4.258560419082641602e+00
4.278530836105346680e+00
4.298783779144287109e+00
4.319146394729614258e+00
4.339162826538085938e+00
4.359116554260253906e+00
4.378956556320190430e+00
4.398561477661132812e+00
4.419105529785156250e+00
4.438517332077026367e+00
4.458606958389282227e+00
4.478577613830566406e+00
4.498579263687133789e+00
4.518536806106567383e+00
4.538502931594848633e+00
4.558626890182495117e+00
4.579114437103271484e+00
4.598658084869384766e+00
4.618593692779541016e+00
4.638866901397705078e+00
4.658581495285034180e+00
4.678603172302246094e+00
4.698572635650634766e+00
4.718566656112670898e+00
4.738680124282836914e+00
4.758659601211547852e+00
4.778667688369750977e+00
4.798784971237182617e+00
4.818705081939697266e+00
4.838629245758056641e+00
4.858554840087890625e+00
4.878917217254638672e+00
4.898744821548461914e+00
4.918603420257568359e+00
4.938573837280273438e+00
4.958614826202392578e+00
4.978798866271972656e+00
4.998768329620361328e+00
5.018633604049682617e+00
5.038612604141235352e+00
5.058677196502685547e+00
5.078636884689331055e+00
5.098623514175415039e+00
5.118616342544555664e+00
5.138735294342041016e+00
5.158802032470703125e+00
5.178867578506469727e+00
5.198648929595947266e+00
5.218604564666748047e+00
5.238631486892700195e+00
5.258683919906616211e+00
5.278728246688842773e+00
5.298665046691894531e+00
5.318626403808593750e+00
5.338822603225708008e+00
5.358752727508544922e+00
5.378784418106079102e+00
5.398649454116821289e+00
5.419130563735961914e+00
5.438552856445312500e+00
5.458638668060302734e+00
5.478677749633789062e+00
5.498675584793090820e+00
5.518606662750244141e+00
5.538524627685546875e+00
5.558508396148681641e+00
5.579127550125122070e+00
5.598538398742675781e+00
5.618803739547729492e+00
5.638671398162841797e+00
5.658583164215087891e+00
5.678540706634521484e+00
5.698582410812377930e+00
5.718518257141113281e+00
5.738488674163818359e+00
5.758505105972290039e+00
5.778524637222290039e+00
5.798559427261352539e+00
5.818574666976928711e+00
5.838508367538452148e+00
5.858604907989501953e+00
5.878604650497436523e+00
5.898524761199951172e+00
5.918531417846679688e+00
5.938408851623535156e+00
5.958446741104125977e+00
5.978529453277587891e+00
5.998870134353637695e+00
6.018410921096801758e+00
6.038537502288818359e+00
6.058862447738647461e+00
6.079310178756713867e+00
6.098845243453979492e+00
6.119065284729003906e+00
6.139128684997558594e+00
6.159158945083618164e+00
6.179102897644042969e+00
6.199009180068969727e+00
6.219003438949584961e+00
6.239085912704467773e+00
6.259192705154418945e+00
6.279183387756347656e+00
6.299161195755004883e+00
6.318927049636840820e+00
6.338997125625610352e+00
6.358834028244018555e+00
6.379180908203125000e+00
6.399149417877197266e+00
6.419169902801513672e+00
6.438837528228759766e+00
6.458932161331176758e+00
6.479106426239013672e+00
6.498650312423706055e+00
6.518752813339233398e+00
6.538529634475708008e+00
6.558738470077514648e+00
6.578349590301513672e+00
6.598352193832397461e+00
6.618303298950195312e+00
6.638545274734497070e+00
6.658495903015136719e+00
6.678546190261840820e+00
6.698593139648437500e+00
6.718557834625244141e+00
6.738544464111328125e+00
6.758509635925292969e+00
6.778903961181640625e+00
6.798916339874267578e+00
6.819052934646606445e+00
6.838968515396118164e+00
6.858870744705200195e+00
6.879051208496093750e+00
6.899094104766845703e+00
6.919214487075805664e+00
6.938791751861572266e+00
6.959141492843627930e+00
6.978696107864379883e+00
6.998302459716796875e+00
7.018239736557006836e+00
7.038177728652954102e+00
7.058176755905151367e+00
7.078554630279541016e+00
7.098486900329589844e+00
7.118545293807983398e+00
7.138408184051513672e+00
7.158500671386718750e+00
7.178554773330688477e+00
7.198939800262451172e+00
7.218500137329101562e+00
7.238600730895996094e+00
7.258564949035644531e+00
7.278622627258300781e+00
7.298559188842773438e+00
7.318600177764892578e+00
7.338573932647705078e+00
7.358555793762207031e+00
7.378638029098510742e+00
7.398555517196655273e+00
7.419202327728271484e+00
7.438833236694335938e+00
7.458677053451538086e+00
7.478731632232666016e+00
7.498618841171264648e+00
7.518940925598144531e+00
7.538709163665771484e+00
7.558577537536621094e+00
7.578553915023803711e+00
7.598666906356811523e+00
7.618896007537841797e+00
7.638565063476562500e+00
7.658658981323242188e+00
7.678631305694580078e+00
7.698660850524902344e+00
7.718687772750854492e+00
7.738639354705810547e+00
7.758665084838867188e+00
7.779114246368408203e+00
7.798589229583740234e+00
7.818862676620483398e+00
7.838896036148071289e+00
7.858715295791625977e+00
7.878543376922607422e+00
7.898589611053466797e+00
7.918581008911132812e+00
7.938866138458251953e+00
7.958608150482177734e+00
7.978673934936523438e+00
7.998542547225952148e+00
8.018659591674804688e+00
8.038276195526123047e+00
8.058357000350952148e+00
8.078311681747436523e+00
8.098296880722045898e+00
8.118874549865722656e+00
8.138367652893066406e+00
8.158382892608642578e+00
8.178313732147216797e+00
8.198263645172119141e+00
8.218352079391479492e+00
8.238334655761718750e+00
8.259310007095336914e+00
8.279100179672241211e+00
8.298400878906250000e+00
8.318359851837158203e+00
8.338311433792114258e+00
8.358372211456298828e+00
8.378381490707397461e+00
8.398318290710449219e+00
8.418336629867553711e+00
8.439201354980468750e+00
8.459117412567138672e+00
8.478284835815429688e+00
8.498369216918945312e+00
8.518283605575561523e+00
8.539216756820678711e+00
8.559130668640136719e+00
8.579210996627807617e+00
8.599075794219970703e+00
8.619137048721313477e+00
8.638973474502563477e+00
8.659080505371093750e+00
8.679088830947875977e+00
8.699313879013061523e+00
8.719262361526489258e+00
8.739070892333984375e+00
8.759233474731445312e+00
8.779269695281982422e+00
8.799239873886108398e+00
8.818428516387939453e+00
8.839109420776367188e+00
8.859459400177001953e+00
8.879328250885009766e+00
8.899368762969970703e+00
8.918791532516479492e+00
8.938353061676025391e+00
8.958440303802490234e+00
8.978891849517822266e+00
8.998404741287231445e+00
9.018356084823608398e+00
9.038356065750122070e+00
9.058302640914916992e+00
9.078352689743041992e+00
9.099364757537841797e+00
9.119316339492797852e+00
9.139023065567016602e+00
9.159294605255126953e+00
9.179282426834106445e+00
9.199354171752929688e+00
9.219202041625976562e+00
9.239238977432250977e+00
9.259297847747802734e+00
9.279220342636108398e+00
9.298972368240356445e+00
9.319081544876098633e+00
9.339174985885620117e+00
9.359129667282104492e+00
9.379258871078491211e+00
9.399294376373291016e+00
9.419048309326171875e+00
9.439194679260253906e+00
9.459251403808593750e+00
9.479598045349121094e+00
9.499574422836303711e+00
9.519540786743164062e+00
9.539817810058593750e+00
9.559559106826782227e+00
9.579224348068237305e+00
9.599243640899658203e+00
9.618728399276733398e+00
9.639621019363403320e+00
9.659339427947998047e+00
9.678981542587280273e+00
9.699140548706054688e+00
9.719208002090454102e+00
9.738891124725341797e+00
9.759244680404663086e+00
9.778870105743408203e+00
9.798898935317993164e+00
9.818838119506835938e+00
9.838717937469482422e+00
9.858685731887817383e+00
9.878703832626342773e+00
9.898880958557128906e+00
9.918825149536132812e+00
9.938620328903198242e+00
9.958704233169555664e+00
9.978697299957275391e+00
9.998658657073974609e+00
1.001863193511962891e+01
1.003879809379577637e+01
1.005849456787109375e+01
1.007907986640930176e+01
1.009842824935913086e+01
1.011831474304199219e+01
1.013865542411804199e+01
1.015865325927734375e+01
1.017867922782897949e+01
1.019827580451965332e+01
1.021831083297729492e+01
1.023897576332092285e+01
1.025871443748474121e+01
1.027899789810180664e+01
1.029856729507446289e+01
1.031896066665649414e+01
1.033886289596557617e+01
1.035934042930603027e+01
1.037909507751464844e+01
1.039870858192443848e+01
1.041885423660278320e+01
1.043873453140258789e+01
1.045890283584594727e+01
1.047903299331665039e+01
1.049924445152282715e+01
1.051883339881896973e+01
1.053905487060546875e+01
1.055870151519775391e+01
1.057887244224548340e+01
1.059888410568237305e+01
1.061872315406799316e+01
1.063846778869628906e+01
1.065842914581298828e+01
1.067942190170288086e+01
1.069906282424926758e+01
1.071870660781860352e+01
1.073891782760620117e+01
1.075865697860717773e+01
1.077835845947265625e+01
1.079837322235107422e+01
1.081830406188964844e+01
1.083825588226318359e+01
1.085828900337219238e+01
1.087833738327026367e+01
1.089839529991149902e+01
1.091827368736267090e+01
1.093918991088867188e+01
1.095831680297851562e+01
1.097831749916076660e+01
1.099842691421508789e+01
1.101825094223022461e+01
1.103905153274536133e+01
1.105909633636474609e+01
1.107900905609130859e+01
1.109902524948120117e+01
1.111904239654541016e+01
1.113913178443908691e+01
1.115909600257873535e+01
1.117918324470520020e+01
1.119924354553222656e+01
1.121906185150146484e+01
1.123900389671325684e+01
1.125893855094909668e+01
1.127885866165161133e+01
1.129920578002929688e+01
1.131872749328613281e+01
1.133912849426269531e+01
1.135932111740112305e+01
1.137918734550476074e+01
1.139929723739624023e+01
1.141901874542236328e+01
1.143939948081970215e+01
1.145901441574096680e+01
1.147929048538208008e+01
1.149920010566711426e+01
1.151895546913146973e+01
1.153853368759155273e+01
1.155914950370788574e+01
1.157863044738769531e+01
1.159888601303100586e+01
1.161846494674682617e+01
1.163843464851379395e+01
1.165835475921630859e+01
1.167834258079528809e+01
1.169898223876953125e+01
1.171898961067199707e+01
1.173862814903259277e+01
1.175890040397644043e+01
1.177892255783081055e+01
1.179910969734191895e+01
1.181861567497253418e+01
1.183893656730651855e+01
1.185897541046142578e+01
1.187854170799255371e+01
1.189872241020202637e+01
1.191888856887817383e+01
1.193945932388305664e+01
1.195848655700683594e+01
1.197927403450012207e+01
1.199836587905883789e+01
1.201862549781799316e+01
1.203886771202087402e+01
1.205882716178894043e+01
1.207877135276794434e+01
1.209856796264648438e+01
1.211928749084472656e+01
1.213890218734741211e+01
1.215868067741394043e+01
1.217872810363769531e+01
1.219862818717956543e+01
1.221902990341186523e+01
1.223877096176147461e+01
1.225945949554443359e+01
1.227891778945922852e+01
1.229862928390502930e+01
1.231893253326416016e+01
1.233865022659301758e+01
1.235916137695312500e+01
1.237863111495971680e+01
1.239936447143554688e+01
1.241897320747375488e+01
1.243885588645935059e+01
1.245896697044372559e+01
1.247845792770385742e+01
1.249836230278015137e+01
1.251845502853393555e+01
1.253836607933044434e+01
1.255848217010498047e+01
1.257928228378295898e+01
1.259902215003967285e+01
1.261877989768981934e+01
1.263857531547546387e+01
1.265837740898132324e+01
1.267841577529907227e+01
1.269843697547912598e+01
1.271838855743408203e+01
1.273839831352233887e+01
1.275899386405944824e+01
1.277834081649780273e+01
1.279837870597839355e+01
1.281832623481750488e+01
1.283869600296020508e+01
1.285832929611206055e+01
1.287862420082092285e+01
1.289832234382629395e+01
1.291837406158447266e+01
1.293837475776672363e+01
1.295834183692932129e+01
1.297842669486999512e+01
1.299838185310363770e+01
1.301844930648803711e+01
1.303838729858398438e+01
1.305835580825805664e+01
1.307832503318786621e+01
1.309835672378540039e+01
1.311832809448242188e+01
1.313838696479797363e+01
1.315833926200866699e+01
1.317835330963134766e+01
1.319874215126037598e+01
1.321829891204833984e+01
1.323830151557922363e+01
1.325831222534179688e+01
1.327833962440490723e+01
1.329833126068115234e+01
1.331829762458801270e+01
1.333840203285217285e+01
1.335897326469421387e+01
1.337835025787353516e+01
1.339834856986999512e+01
1.341832494735717773e+01
1.343865299224853516e+01
1.345834112167358398e+01
1.347834610939025879e+01
1.349836897850036621e+01
1.351836276054382324e+01
1.353832602500915527e+01
1.355832505226135254e+01
1.357832050323486328e+01
1.359835481643676758e+01
1.361839556694030762e+01
1.363836812973022461e+01
1.365834093093872070e+01
1.367865371704101562e+01
1.369836378097534180e+01
1.371839308738708496e+01
1.373833584785461426e+01
1.375836896896362305e+01
1.377836418151855469e+01
1.379866743087768555e+01
1.381833314895629883e+01
1.383834815025329590e+01
1.385835194587707520e+01
1.387887215614318848e+01
1.389838719367980957e+01
1.391833376884460449e+01
1.393834280967712402e+01
1.395840430259704590e+01
1.397833895683288574e+01
1.399838209152221680e+01
1.401839828491210938e+01
1.403892278671264648e+01
1.405833077430725098e+01
1.407834219932556152e+01
1.409833574295043945e+01
1.411873245239257812e+01
1.413834071159362793e+01
1.415833902359008789e+01
1.417834782600402832e+01
1.419831705093383789e+01
1.421838688850402832e+01
1.423836493492126465e+01
1.425900125503540039e+01
1.427839851379394531e+01
1.429846310615539551e+01
1.431931352615356445e+01
1.433844661712646484e+01
1.435836505889892578e+01
1.437838554382324219e+01
1.439872503280639648e+01
1.441836857795715332e+01
1.443847036361694336e+01
1.445838475227355957e+01
1.447840809822082520e+01
1.449838709831237793e+01
1.451834273338317871e+01
1.453835821151733398e+01
1.455882549285888672e+01
1.457831978797912598e+01
1.459837484359741211e+01
1.461836814880371094e+01
1.463842296600341797e+01
1.465832734107971191e+01
1.467866921424865723e+01
1.469833993911743164e+01
1.471834158897399902e+01
1.473838186264038086e+01
1.475839591026306152e+01
1.477840518951416016e+01
1.479835915565490723e+01
1.481823158264160156e+01
1.483822274208068848e+01
1.485819125175476074e+01
1.487843537330627441e+01
1.489845395088195801e+01
1.491846561431884766e+01
1.493832254409790039e+01
1.495856881141662598e+01
1.497851347923278809e+01
1.499852085113525391e+01
1.501879954338073730e+01
1.503844666481018066e+01
1.505846548080444336e+01
1.507824754714965820e+01
1.509841132164001465e+01
1.511845564842224121e+01
1.513843774795532227e+01
1.515849161148071289e+01
1.517845773696899414e+01
1.519870853424072266e+01
1.521858716011047363e+01
1.523882484436035156e+01
1.525820612907409668e+01
1.527842164039611816e+01
1.529845213890075684e+01
1.531839919090270996e+01
1.533848953247070312e+01
1.535850381851196289e+01
1.537876224517822266e+01
1.539850759506225586e+01
1.541875028610229492e+01
1.543875908851623535e+01
1.545872282981872559e+01
1.547875928878784180e+01
1.549872756004333496e+01
1.551864147186279297e+01
1.553865265846252441e+01
1.555860996246337891e+01
1.557862496376037598e+01
1.559830951690673828e+01
1.561857867240905762e+01
1.563861608505249023e+01
1.565869855880737305e+01
1.567862081527709961e+01
1.569856286048889160e+01
1.571859407424926758e+01
1.573842906951904297e+01
1.575858068466186523e+01
1.577856087684631348e+01
1.579873275756835938e+01
1.581860899925231934e+01
1.583862853050231934e+01
1.585866546630859375e+01
1.587858843803405762e+01
1.589856910705566406e+01
1.591859078407287598e+01
1.593851828575134277e+01
1.595859789848327637e+01
1.597856283187866211e+01
1.599874520301818848e+01
1.601834034919738770e+01
1.603835225105285645e+01
1.605926728248596191e+01
1.607870411872863770e+01
1.609944581985473633e+01
1.611935710906982422e+01
1.613868904113769531e+01
1.615868878364562988e+01
1.617855644226074219e+01
1.619914269447326660e+01
1.621918439865112305e+01
1.623889279365539551e+01
1.625895404815673828e+01
1.627914118766784668e+01
1.629941344261169434e+01
1.631943082809448242e+01
1.633942723274230957e+01
1.635892224311828613e+01
1.637938952445983887e+01
1.639944481849670410e+01
1.641933798789978027e+01
1.643872046470642090e+01
1.645890545845031738e+01
1.647927284240722656e+01
1.649943327903747559e+01
1.651939964294433594e+01
1.653959250450134277e+01
1.655961990356445312e+01
1.657939028739929199e+01
1.659940004348754883e+01
1.661859726905822754e+01
1.663856267929077148e+01
1.666001224517822266e+01
1.667953872680664062e+01
1.669957518577575684e+01
1.671994757652282715e+01
1.673861598968505859e+01
1.675951099395751953e+01
1.677867627143859863e+01
1.679913020133972168e+01
1.681899285316467285e+01
1.683856296539306641e+01
1.685854482650756836e+01
1.687852716445922852e+01
1.689978957176208496e+01
1.691956257820129395e+01
1.693948674201965332e+01
1.695916724205017090e+01
1.697929072380065918e+01
1.699855875968933105e+01
1.701851367950439453e+01
1.703849673271179199e+01
1.705849385261535645e+01
1.707926249504089355e+01
1.709932398796081543e+01
1.711933326721191406e+01
1.713927578926086426e+01
1.715935420989990234e+01
1.717921900749206543e+01
1.719939255714416504e+01
1.721923565864562988e+01
1.723941469192504883e+01
1.725935554504394531e+01
1.727928972244262695e+01
1.729930996894836426e+01
1.731938314437866211e+01
1.733889341354370117e+01
1.735932731628417969e+01
1.737898254394531250e+01
1.739929533004760742e+01
1.741931033134460449e+01
1.743939185142517090e+01
1.745998835563659668e+01
1.747916030883789062e+01
1.749878907203674316e+01
1.751899385452270508e+01
1.753915476799011230e+01
1.755969691276550293e+01
1.757918834686279297e+01
1.759925389289855957e+01
1.761893200874328613e+01
1.763876748085021973e+01
1.765921044349670410e+01
1.767902278900146484e+01
1.769975709915161133e+01
1.771915340423583984e+01
1.773943924903869629e+01
1.775916099548339844e+01
1.777884364128112793e+01
1.779899907112121582e+01
1.781867218017578125e+01
1.783921217918395996e+01
1.785916256904602051e+01
1.787888169288635254e+01
1.789908933639526367e+01
1.791977858543395996e+01
1.793857932090759277e+01
1.795900392532348633e+01
1.797920751571655273e+01
1.799906086921691895e+01
1.801902127265930176e+01
1.803906297683715820e+01
1.805899357795715332e+01
1.807887005805969238e+01
1.809906721115112305e+01
1.811903619766235352e+01
1.813892316818237305e+01
1.815893149375915527e+01
1.817908549308776855e+01
1.819908213615417480e+01
1.821894693374633789e+01
1.823899769783020020e+01
1.825908613204956055e+01
1.827902054786682129e+01
1.829907083511352539e+01
1.831893777847290039e+01
1.833918261528015137e+01
1.835879802703857422e+01
1.837903881072998047e+01
1.839893484115600586e+01
1.841900324821472168e+01
1.843895173072814941e+01
1.845904183387756348e+01
1.847887539863586426e+01
1.849915242195129395e+01
1.851890468597412109e+01
1.853907608985900879e+01
1.855905413627624512e+01
1.857911992073059082e+01
1.859903621673583984e+01
1.861890125274658203e+01
1.863881826400756836e+01
1.865845727920532227e+01
1.867863488197326660e+01
1.869872856140136719e+01
1.871869635581970215e+01
1.873865485191345215e+01
1.875876140594482422e+01
1.877869701385498047e+01
1.879861211776733398e+01
1.881880259513854980e+01
1.883888030052185059e+01
1.885874938964843750e+01
1.887895154953002930e+01
1.889903759956359863e+01
1.891879272460937500e+01
1.893890571594238281e+01
1.895895886421203613e+01
1.897873067855834961e+01
1.899881768226623535e+01
1.901880598068237305e+01
1.903871846199035645e+01
1.905866670608520508e+01
1.907875275611877441e+01
1.909867429733276367e+01
1.911863398551940918e+01
1.913869142532348633e+01
1.915862560272216797e+01
1.917871546745300293e+01
1.919908356666564941e+01
1.921880960464477539e+01
1.923865222930908203e+01
1.925869369506835938e+01
1.927870726585388184e+01
1.929869008064270020e+01
1.931878829002380371e+01
1.933865237236022949e+01
1.935868835449218750e+01
1.937873816490173340e+01
1.939865541458129883e+01
1.941866374015808105e+01
1.943866634368896484e+01
1.945859122276306152e+01
1.947852587699890137e+01
1.949864172935485840e+01
1.951867008209228516e+01
1.953869628906250000e+01
1.955896544456481934e+01
1.957872533798217773e+01
1.959872364997863770e+01
1.961868405342102051e+01
1.963868761062622070e+01
1.965857553482055664e+01
1.967867660522460938e+01
1.969886660575866699e+01
1.971872305870056152e+01
1.973852968215942383e+01
1.975869345664978027e+01
1.977868843078613281e+01
1.979896950721740723e+01
1.981868767738342285e+01
1.983871293067932129e+01
1.985853338241577148e+01
1.987856769561767578e+01
1.989865589141845703e+01
1.991872000694274902e+01
1.993869829177856445e+01
1.995874953269958496e+01
1.997908282279968262e+01
1.999908542633056641e+01
2.001951313018798828e+01
2.003879404067993164e+01
2.005877542495727539e+01
2.007912325859069824e+01
2.009936118125915527e+01
2.011882567405700684e+01
2.013900351524353027e+01
2.015912652015686035e+01
2.017908501625061035e+01
2.019895696640014648e+01
2.021906876564025879e+01
2.023869776725769043e+01
2.025919890403747559e+01
2.027916479110717773e+01
2.029889440536499023e+01
2.031894540786743164e+01
2.033906245231628418e+01
2.035895538330078125e+01
2.037905979156494141e+01
2.039879941940307617e+01
2.041922783851623535e+01
2.043902373313903809e+01
2.045867753028869629e+01
2.047868418693542480e+01
2.049863576889038086e+01
2.051870989799499512e+01
2.053878879547119141e+01
2.055870771408081055e+01
2.057868647575378418e+01
2.059878373146057129e+01
2.061875534057617188e+01
2.063875818252563477e+01
2.065872955322265625e+01
2.067875409126281738e+01
2.069867086410522461e+01
2.071879553794860840e+01
2.073886299133300781e+01
2.075881242752075195e+01
2.077878069877624512e+01
2.079884982109069824e+01
2.081875443458557129e+01
2.083867383003234863e+01
2.085880446434020996e+01
2.087873005867004395e+01
2.089876341819763184e+01
2.091875076293945312e+01
2.093879580497741699e+01
2.095884156227111816e+01
2.097896146774291992e+01
2.099898529052734375e+01
2.101895570755004883e+01
2.103868842124938965e+01
2.105894374847412109e+01
2.107922983169555664e+01
2.109893393516540527e+01
2.111880922317504883e+01
2.113905262947082520e+01
2.115915822982788086e+01
2.117883682250976562e+01
2.119927144050598145e+01
2.121943545341491699e+01
2.123899006843566895e+01
2.125909876823425293e+01
2.127897000312805176e+01
2.129912114143371582e+01
2.131890821456909180e+01
2.133890485763549805e+01
2.135911417007446289e+01
2.137920212745666504e+01
2.139907383918762207e+01
2.141921210289001465e+01
2.143882584571838379e+01
2.145906829833984375e+01
2.147930955886840820e+01
2.149935388565063477e+01
2.151901960372924805e+01
2.153924202919006348e+01
2.155895400047302246e+01
2.157908129692077637e+01
2.159916377067565918e+01
2.161894202232360840e+01
2.163892149925231934e+01
2.165895056724548340e+01
2.167902088165283203e+01
2.169886064529418945e+01
2.171878147125244141e+01
2.173873901367187500e+01
2.175875496864318848e+01
2.177906727790832520e+01
2.179887437820434570e+01
2.181936097145080566e+01
2.183878517150878906e+01
2.185868096351623535e+01
2.187869429588317871e+01
2.189857769012451172e+01
2.192023372650146484e+01
2.193920755386352539e+01
2.195918226242065430e+01
2.197913360595703125e+01
2.199910259246826172e+01
2.201910877227783203e+01
2.203916382789611816e+01
2.205907511711120605e+01
2.207911014556884766e+01
2.209904479980468750e+01
2.211920070648193359e+01
2.213915657997131348e+01
2.215911960601806641e+01
2.217915511131286621e+01
2.219894957542419434e+01
2.221944594383239746e+01
2.223899531364440918e+01
2.225867271423339844e+01
2.227869582176208496e+01
2.229910564422607422e+01
2.231914854049682617e+01
2.233971285820007324e+01
2.235948562622070312e+01
2.237917685508728027e+01
2.239912414550781250e+01
2.241919803619384766e+01
2.243915200233459473e+01
2.245907425880432129e+01
2.247898411750793457e+01
2.249911236763000488e+01
2.251923727989196777e+01
2.253897118568420410e+01
2.255896759033203125e+01
2.257899355888366699e+01
2.259925460815429688e+01
2.261913657188415527e+01
2.263922977447509766e+01
2.265922713279724121e+01
2.267889904975891113e+01
2.269909334182739258e+01
2.271907973289489746e+01
2.273909568786621094e+01
2.275909876823425293e+01
2.277902317047119141e+01
2.279924702644348145e+01
2.281891536712646484e+01
2.283919429779052734e+01
2.285929560661315918e+01
2.287926506996154785e+01
2.289907789230346680e+01
2.291918992996215820e+01
2.293919014930725098e+01
2.295897436141967773e+01
2.297904896736145020e+01
2.299895071983337402e+01
2.301894783973693848e+01
2.303945159912109375e+01
2.305868744850158691e+01
2.307920742034912109e+01
2.309903788566589355e+01
2.311892914772033691e+01
2.313901925086975098e+01
2.315901446342468262e+01
2.317899990081787109e+01
2.319910001754760742e+01
2.321894097328186035e+01
2.323891139030456543e+01
2.325903701782226562e+01
2.327898049354553223e+01
2.329909873008728027e+01
2.331934237480163574e+01
2.333912968635559082e+01
2.335901093482971191e+01
2.337900233268737793e+01
2.339895343780517578e+01
2.341909551620483398e+01
2.343897294998168945e+01
2.345894575119018555e+01
2.347891497611999512e+01
2.349901318550109863e+01
2.351889944076538086e+01
2.353903579711914062e+01
2.355897831916809082e+01
2.357898354530334473e+01
2.359911227226257324e+01
2.361903500556945801e+01
2.363902091979980469e+01
2.365891647338867188e+01
2.367899417877197266e+01
2.369888401031494141e+01
2.371871399879455566e+01
2.373942494392395020e+01
2.375888824462890625e+01
2.377902197837829590e+01
2.379908180236816406e+01
2.381862068176269531e+01
2.383931112289428711e+01
2.385900902748107910e+01
2.387899255752563477e+01
2.389862799644470215e+01
2.391930818557739258e+01
2.393868660926818848e+01
2.395861005783081055e+01
2.397864723205566406e+01
2.399919891357421875e+01
2.401875281333923340e+01
2.403903770446777344e+01
2.405853080749511719e+01
2.407855319976806641e+01
2.409855604171752930e+01
2.411855673789978027e+01
2.413863158226013184e+01
2.415858435630798340e+01
2.417857551574707031e+01
2.419903874397277832e+01
2.421853303909301758e+01
2.423865747451782227e+01
2.425859403610229492e+01
2.427861809730529785e+01
2.429852986335754395e+01
2.431906104087829590e+01
2.433863568305969238e+01
2.435858273506164551e+01
2.437858676910400391e+01
2.439916133880615234e+01
2.441855001449584961e+01
2.443845772743225098e+01
2.445858216285705566e+01
2.447863960266113281e+01
2.449856615066528320e+01
2.451862430572509766e+01
2.453858351707458496e+01
2.455862379074096680e+01
2.457859468460083008e+01
2.459859442710876465e+01
2.461860084533691406e+01
2.463927125930786133e+01
2.465855860710144043e+01
2.467858886718750000e+01
2.469855666160583496e+01
2.471860980987548828e+01
2.473859739303588867e+01
2.475863766670227051e+01
2.477861189842224121e+01
2.479856705665588379e+01
2.481850624084472656e+01
2.483857369422912598e+01
2.485854840278625488e+01
2.487857651710510254e+01
2.489851689338684082e+01
2.491903758049011230e+01
2.493854355812072754e+01
2.495859050750732422e+01
2.497859644889831543e+01
2.499874687194824219e+01
2.501844000816345215e+01
2.503840231895446777e+01
2.505838298797607422e+01
2.507826900482177734e+01
2.509836459159851074e+01
2.511831426620483398e+01
2.513848376274108887e+01
2.515886735916137695e+01
2.517927861213684082e+01
2.519920158386230469e+01
2.521919846534729004e+01
2.523917365074157715e+01
2.525841045379638672e+01
2.527942633628845215e+01
2.529932212829589844e+01
2.531866931915283203e+01
2.533857011795043945e+01
2.535842466354370117e+01
2.537835597991943359e+01
2.539838719367980957e+01
2.541845297813415527e+01
2.543953633308410645e+01
2.545925855636596680e+01
2.547922039031982422e+01
2.549934291839599609e+01
2.551923394203186035e+01
2.553921222686767578e+01
2.555930304527282715e+01
2.557934713363647461e+01
2.559934520721435547e+01
2.561842012405395508e+01
2.563850426673889160e+01
2.565838360786437988e+01
2.567936587333679199e+01
2.569921660423278809e+01
2.571920156478881836e+01
2.573939704895019531e+01
2.575835561752319336e+01
2.577841186523437500e+01
2.579838776588439941e+01
2.581835508346557617e+01
2.583839702606201172e+01
2.585838556289672852e+01
2.587882709503173828e+01
2.589842319488525391e+01
2.591848850250244141e+01
2.593862080574035645e+01
2.595913362503051758e+01
2.597954845428466797e+01
2.599878954887390137e+01
2.601846051216125488e+01
2.603911018371582031e+01
2.605908703804016113e+01
2.607914590835571289e+01
2.609917545318603516e+01
2.611923360824584961e+01
2.613905572891235352e+01
2.615892148017883301e+01
2.617841005325317383e+01
2.619833278656005859e+01
2.621835541725158691e+01
2.623840308189392090e+01
2.625837421417236328e+01
2.627838063240051270e+01
2.629836440086364746e+01
2.631867861747741699e+01
2.633841371536254883e+01
2.635846042633056641e+01
2.637942624092102051e+01
2.639856576919555664e+01
2.641944503784179688e+01
2.643944835662841797e+01
2.645911622047424316e+01
2.647854232788085938e+01
2.649937605857849121e+01
2.651858735084533691e+01
2.653856039047241211e+01
2.655854225158691406e+01
2.657857751846313477e+01
2.659858059883117676e+01
2.661861038208007812e+01
2.663855290412902832e+01
2.665853905677795410e+01
2.667936158180236816e+01
2.669929504394531250e+01
2.671925139427185059e+01
2.673934888839721680e+01
2.675904321670532227e+01
2.677946758270263672e+01
2.679866743087768555e+01
2.681860232353210449e+01
2.683847522735595703e+01
2.685850453376770020e+01
2.687854433059692383e+01
2.689949798583984375e+01
2.691911911964416504e+01
2.693963718414306641e+01
2.695943427085876465e+01
2.697945642471313477e+01
2.699899673461914062e+01
2.701906847953796387e+01
2.703883838653564453e+01
2.705867314338684082e+01
2.707854938507080078e+01
2.709873962402343750e+01
2.711925506591796875e+01
2.713934087753295898e+01
2.715913534164428711e+01
2.717943310737609863e+01
2.719929313659667969e+01
2.721942543983459473e+01
2.723923420906066895e+01
2.725933933258056641e+01
2.727938508987426758e+01
2.729941105842590332e+01
2.731952071189880371e+01
2.733908247947692871e+01
2.735927629470825195e+01
2.737934827804565430e+01
2.739959764480590820e+01
2.741939902305603027e+01
2.743938994407653809e+01
2.745935893058776855e+01
2.747919821739196777e+01
2.749939179420471191e+01
2.751926112174987793e+01
2.753936839103698730e+01
2.755879187583923340e+01
2.757942032814025879e+01
2.759934258460998535e+01
2.761921215057373047e+01
2.763866209983825684e+01
2.765907168388366699e+01
2.767943644523620605e+01
2.769926095008850098e+01
2.771940660476684570e+01
2.773954701423645020e+01
2.775856685638427734e+01
2.777858233451843262e+01
2.779871153831481934e+01
2.781858968734741211e+01
2.784010243415832520e+01
2.785947275161743164e+01
2.787936353683471680e+01
2.789939165115356445e+01
2.791937375068664551e+01
2.793934702873229980e+01
2.795917344093322754e+01
2.797911763191223145e+01
2.799887776374816895e+01
2.801860070228576660e+01
2.803853869438171387e+01
2.805852818489074707e+01
2.807871365547180176e+01
2.809879398345947266e+01
2.811879730224609375e+01
2.813910150527954102e+01
2.815909218788146973e+01
2.817892313003540039e+01
2.819915270805358887e+01
2.821903419494628906e+01
2.823904967308044434e+01
2.825898671150207520e+01
2.827907133102416992e+01
2.829925775527954102e+01
2.831910753250122070e+01
2.833909106254577637e+01
2.835847282409667969e+01
2.837848854064941406e+01
2.839866805076599121e+01
2.841860437393188477e+01
2.843864274024963379e+01
2.845861077308654785e+01
2.847848176956176758e+01
2.849851918220520020e+01
2.851856088638305664e+01
2.853865742683410645e+01
2.855852794647216797e+01
2.857852816581726074e+01
2.859857654571533203e+01
2.861860466003417969e+01
2.863866591453552246e+01
2.865855717658996582e+01
2.867860078811645508e+01
2.869872069358825684e+01
2.871856546401977539e+01
2.873861742019653320e+01
2.875861382484436035e+01
2.877851247787475586e+01
2.879856204986572266e+01
2.882064199447631836e+01
2.884000039100646973e+01
2.885929369926452637e+01
2.887944769859313965e+01
2.889943408966064453e+01
2.891930747032165527e+01
2.893932008743286133e+01
2.895925831794738770e+01
2.897945141792297363e+01
2.899938201904296875e+01
2.901948475837707520e+01
2.903946542739868164e+01
2.905925679206848145e+01
2.907937955856323242e+01
2.909935402870178223e+01
2.911927437782287598e+01
2.913940382003784180e+01
2.915942716598510742e+01
2.917941761016845703e+01
2.919940781593322754e+01
2.921943449974060059e+01
2.923961424827575684e+01
2.925983834266662598e+01
2.927906322479248047e+01
2.929934501647949219e+01
2.931931328773498535e+01
2.933937740325927734e+01
2.935944867134094238e+01
2.937933969497680664e+01
2.939943051338195801e+01
2.941922163963317871e+01
2.943944978713989258e+01
2.945985341072082520e+01
2.947944998741149902e+01
2.949937295913696289e+01
2.951882767677307129e+01
2.953867888450622559e+01
2.955860614776611328e+01
2.957857394218444824e+01
2.959856438636779785e+01
2.961865925788879395e+01
2.963866591453552246e+01
2.965859580039978027e+01
2.967858386039733887e+01
2.969864130020141602e+01
2.971862649917602539e+01
2.973857092857360840e+01
2.975868868827819824e+01
2.977875304222106934e+01
2.979864978790283203e+01
2.981870508193969727e+01
2.983861637115478516e+01
2.985864782333374023e+01
2.987861013412475586e+01
2.989855885505676270e+01
2.991858816146850586e+01
2.993859720230102539e+01
2.995855784416198730e+01
2.997863245010375977e+01
2.999867534637451172e+01
3.001856088638305664e+01
3.003860497474670410e+01
3.005859136581420898e+01
3.007860803604125977e+01
3.009851884841918945e+01
3.011862564086914062e+01
3.013856792449951172e+01
3.015854239463806152e+01
3.017854642868041992e+01
3.019850778579711914e+01
3.021852946281433105e+01
3.023857116699218750e+01
3.025859975814819336e+01
3.027862930297851562e+01
3.029850387573242188e+01
3.031852221488952637e+01
3.033860445022583008e+01
3.035858559608459473e+01
3.037856936454772949e+01
3.039855647087097168e+01
3.041850590705871582e+01
3.043858575820922852e+01
3.045875573158264160e+01
3.047861719131469727e+01
3.049853920936584473e+01
3.051853013038635254e+01
3.053854823112487793e+01
3.055854225158691406e+01
3.057853865623474121e+01
3.059857320785522461e+01
3.061865615844726562e+01
3.063861703872680664e+01
3.065863490104675293e+01
3.067854928970336914e+01
3.069862055778503418e+01
3.071855616569519043e+01
3.073849773406982422e+01
3.075857925415039062e+01
3.077865529060363770e+01
3.080468988418579102e+01
3.082381939888000488e+01
3.084379959106445312e+01
3.086377191543579102e+01
3.088381528854370117e+01
3.090388178825378418e+01
3.092386317253112793e+01
3.094371747970581055e+01
3.096376085281372070e+01
3.098387217521667480e+01
3.100381326675415039e+01
3.102390432357788086e+01
3.104371213912963867e+01
3.106374931335449219e+01
3.108368706703186035e+01
3.110370826721191406e+01
3.112369537353515625e+01
3.114376997947692871e+01
3.116373062133789062e+01
3.118372821807861328e+01
3.120377421379089355e+01
3.122368693351745605e+01
3.124373674392700195e+01
3.126379537582397461e+01
3.128372788429260254e+01
3.130365657806396484e+01
3.132369422912597656e+01
3.134372925758361816e+01
3.136424422264099121e+01
3.138379406929016113e+01
3.140377211570739746e+01
3.142428803443908691e+01
3.144374465942382812e+01
3.146374630928039551e+01
3.148368191719055176e+01
3.150385856628417969e+01
3.152375078201293945e+01
3.154383778572082520e+01
3.156373739242553711e+01
3.158371567726135254e+01
3.160448884963989258e+01
3.162376070022583008e+01
3.164372539520263672e+01
3.166380047798156738e+01
3.168378949165344238e+01
3.170368146896362305e+01
3.172434449195861816e+01
3.174374198913574219e+01
3.176368546485900879e+01
3.178496146202087402e+01
3.180378389358520508e+01
3.182384657859802246e+01
3.184369397163391113e+01
3.186372923851013184e+01
3.188375163078308105e+01
3.190451097488403320e+01
3.192423653602600098e+01
3.194373106956481934e+01
3.196370553970336914e+01
3.198373365402221680e+01
3.200379657745361328e+01
3.202388334274291992e+01
3.204379177093505859e+01
3.206377887725830078e+01
3.208374953269958496e+01
3.210388255119323730e+01
3.212373518943786621e+01
3.214383983612060547e+01
3.216370201110839844e+01
3.218380641937255859e+01
3.220371723175048828e+01
3.222376251220703125e+01
3.224376773834228516e+01
3.226376247406005859e+01
3.228430700302124023e+01
3.230379319190979004e+01
3.232365226745605469e+01
3.234398269653320312e+01
3.236370587348937988e+01
3.238373565673828125e+01
3.240375471115112305e+01
3.242375612258911133e+01
3.244375300407409668e+01
3.246378302574157715e+01
3.248376131057739258e+01
3.250377416610717773e+01
3.252443170547485352e+01
3.254373431205749512e+01
3.256368422508239746e+01
3.258379197120666504e+01
3.260509729385375977e+01
3.262430500984191895e+01
3.264380383491516113e+01
3.266372203826904297e+01
3.268378973007202148e+01
3.270381593704223633e+01
3.272373867034912109e+01
3.274374842643737793e+01
3.276506495475769043e+01
3.278450751304626465e+01
3.280380272865295410e+01
3.282376909255981445e+01
3.284386205673217773e+01
3.286512899398803711e+01
3.288483428955078125e+01
3.290446305274963379e+01
3.292456150054931641e+01
3.294387578964233398e+01
3.296446013450622559e+01
3.298388600349426270e+01
3.300386404991149902e+01
3.302386760711669922e+01
3.304375624656677246e+01
3.306378936767578125e+01
3.308370971679687500e+01
3.310376882553100586e+01
3.312373828887939453e+01
3.314386963844299316e+01
3.316493320465087891e+01
3.318439459800720215e+01
3.320447254180908203e+01
3.322461962699890137e+01
3.324460959434509277e+01
3.326484799385070801e+01
3.328469014167785645e+01
3.330443644523620605e+01
3.332457756996154785e+01
3.334381151199340820e+01
3.336378097534179688e+01
3.338377308845520020e+01
3.340373182296752930e+01
3.342369937896728516e+01
3.344509506225585938e+01
3.346438646316528320e+01
3.348468661308288574e+01
3.350458836555480957e+01
3.352442312240600586e+01
3.354451394081115723e+01
3.356453728675842285e+01
3.358457565307617188e+01
3.360429143905639648e+01
3.362430167198181152e+01
3.364472031593322754e+01
3.366452002525329590e+01
3.368446183204650879e+01
3.370461344718933105e+01
3.372441339492797852e+01
3.374412679672241211e+01
3.376432633399963379e+01
3.378419899940490723e+01
3.380442285537719727e+01
3.382437086105346680e+01
3.384441184997558594e+01
3.386423182487487793e+01
3.388430714607238770e+01
3.390426850318908691e+01
3.392427325248718262e+01
3.394444870948791504e+01
3.396415424346923828e+01
3.398426318168640137e+01
3.400408625602722168e+01
3.402427911758422852e+01
3.404426336288452148e+01
3.406421327590942383e+01
3.408410668373107910e+01
3.410435414314270020e+01
3.412423086166381836e+01
3.414414072036743164e+01
3.416422319412231445e+01
3.418442869186401367e+01
3.420420479774475098e+01
3.422423744201660156e+01
3.424485826492309570e+01
3.426457452774047852e+01
3.428451251983642578e+01
3.430460596084594727e+01
3.432457971572875977e+01
3.434461355209350586e+01
3.436484456062316895e+01
3.438472485542297363e+01
3.440479135513305664e+01
3.442462158203125000e+01
3.444432210922241211e+01
3.446438074111938477e+01
3.448449230194091797e+01
3.450452113151550293e+01
3.452451181411743164e+01
3.454476475715637207e+01
3.456472563743591309e+01
3.458455848693847656e+01
3.460468363761901855e+01
3.462485146522521973e+01
3.464461421966552734e+01
3.466482758522033691e+01
3.468460845947265625e+01
3.470474243164062500e+01
3.472475385665893555e+01
3.474445176124572754e+01
3.476455950736999512e+01
3.478470945358276367e+01
3.480434107780456543e+01
3.482445096969604492e+01
3.484448599815368652e+01
3.486460185050964355e+01
3.488400745391845703e+01
3.490427756309509277e+01
3.492407536506652832e+01
3.494438409805297852e+01
3.496438312530517578e+01
3.498442149162292480e+01
3.500444579124450684e+01
3.502457833290100098e+01
3.504453229904174805e+01
3.506432342529296875e+01
3.508518671989440918e+01
3.510442948341369629e+01
3.512443661689758301e+01
3.514480686187744141e+01
3.516456961631774902e+01
3.518454146385192871e+01
3.520442509651184082e+01
3.522470784187316895e+01
3.524489259719848633e+01
3.526448774337768555e+01
3.528453350067138672e+01
3.530446791648864746e+01
3.532444572448730469e+01
3.534449315071105957e+01
3.536413931846618652e+01
3.538427948951721191e+01
3.540463256835937500e+01
3.542479276657104492e+01
3.544422078132629395e+01
3.546418690681457520e+01
3.548454618453979492e+01
3.550416350364685059e+01
3.552418780326843262e+01
3.554424047470092773e+01
3.556426477432250977e+01
3.558411717414855957e+01
3.560408139228820801e+01
3.562454938888549805e+01
3.564418148994445801e+01
3.566417598724365234e+01
3.568411946296691895e+01
3.570412921905517578e+01
3.572415351867675781e+01
3.574419212341308594e+01
3.576413345336914062e+01
3.578421258926391602e+01
3.580376863479614258e+01
3.582382750511169434e+01
3.584381365776062012e+01
3.586383271217346191e+01
3.588379907608032227e+01
3.590382242202758789e+01
3.592365527153015137e+01
3.594369745254516602e+01
3.596372461318969727e+01
3.598369193077087402e+01
3.600368285179138184e+01
3.602373337745666504e+01
3.604374432563781738e+01
3.606376504898071289e+01
3.608372831344604492e+01
3.610367965698242188e+01
3.612379479408264160e+01
3.614384126663208008e+01
3.616381955146789551e+01
3.618381905555725098e+01
3.620376563072204590e+01
3.622372484207153320e+01
3.624351286888122559e+01
3.626360678672790527e+01
3.628368210792541504e+01
3.630361986160278320e+01
3.632364392280578613e+01
3.634370899200439453e+01
3.636356663703918457e+01
3.638357090950012207e+01
3.640354442596435547e+01
3.642358803749084473e+01
3.644356060028076172e+01
3.646360659599304199e+01
3.648398375511169434e+01
3.650361466407775879e+01
3.652360320091247559e+01
3.654361057281494141e+01
3.656356644630432129e+01
3.658355522155761719e+01
3.660380578041076660e+01
3.662393403053283691e+01
3.664365148544311523e+01
3.666365075111389160e+01
3.668359422683715820e+01
3.670351910591125488e+01
3.672382616996765137e+01
3.674358868598937988e+01
3.676363277435302734e+01
3.678362798690795898e+01
3.680360603332519531e+01
3.682360672950744629e+01
3.684356284141540527e+01
3.686360740661621094e+01
3.688350868225097656e+01
3.690353870391845703e+01
3.692357254028320312e+01
3.694359707832336426e+01
3.696357560157775879e+01
3.698385310173034668e+01
3.700370550155639648e+01
3.702363729476928711e+01
3.704363059997558594e+01
3.706359004974365234e+01
3.708389997482299805e+01
3.710395932197570801e+01
3.712353873252868652e+01
3.714353156089782715e+01
3.716358017921447754e+01
3.718365120887756348e+01
3.720361685752868652e+01
3.722386550903320312e+01
3.724357318878173828e+01
3.726363348960876465e+01
3.728356719017028809e+01
3.730359315872192383e+01
3.732355952262878418e+01
3.734365749359130859e+01
3.736355113983154297e+01
3.738356637954711914e+01
3.740357637405395508e+01
3.742353463172912598e+01
3.744366002082824707e+01
3.746360111236572266e+01
3.748364138603210449e+01
3.750359058380126953e+01
3.752396845817565918e+01
3.754372549057006836e+01
3.756366610527038574e+01
3.758365917205810547e+01
3.760356998443603516e+01
3.762357926368713379e+01
3.764358377456665039e+01
3.766357207298278809e+01
3.768388772010803223e+01
3.770394325256347656e+01
3.772401809692382812e+01
3.774390459060668945e+01
3.776390838623046875e+01
3.778419446945190430e+01
3.780405831336975098e+01
3.782363319396972656e+01
3.784364533424377441e+01
3.786359071731567383e+01
3.788400316238403320e+01
3.790358638763427734e+01
3.792359399795532227e+01
3.794364023208618164e+01
3.796356987953186035e+01
3.798365664482116699e+01
3.800361990928649902e+01
3.802361559867858887e+01
3.804358577728271484e+01
3.806378126144409180e+01
3.808357238769531250e+01
3.810383176803588867e+01
3.812357211112976074e+01
3.814356946945190430e+01
3.816355443000793457e+01
3.818379068374633789e+01
3.820360064506530762e+01
3.822359943389892578e+01
3.824356865882873535e+01
3.826360940933227539e+01
3.828363227844238281e+01
3.830365586280822754e+01
3.832362961769104004e+01
3.834362506866455078e+01
3.836358976364135742e+01
3.838365006446838379e+01
3.840352988243103027e+01
3.842355203628540039e+01
3.844366192817687988e+01
3.846356821060180664e+01
3.848392963409423828e+01
3.850353741645812988e+01
3.852359175682067871e+01
3.854370927810668945e+01
3.856349325180053711e+01
3.858348488807678223e+01
3.860352110862731934e+01
3.862347698211669922e+01
3.864351701736450195e+01
3.866355085372924805e+01
3.868393445014953613e+01
3.870436072349548340e+01
3.872387838363647461e+01
3.874397230148315430e+01
3.876360511779785156e+01
3.878473925590515137e+01
3.880384516716003418e+01
3.882391119003295898e+01
3.884390425682067871e+01
3.886414957046508789e+01
3.888386869430541992e+01
3.890388607978820801e+01
3.892345643043518066e+01
3.894388270378112793e+01
3.896383595466613770e+01
3.898394417762756348e+01
3.900395774841308594e+01
3.902391195297241211e+01
3.904382085800170898e+01
3.906372165679931641e+01
3.908385300636291504e+01
3.910385298728942871e+01
3.912383675575256348e+01
3.914421939849853516e+01
3.916439557075500488e+01
3.918412232398986816e+01
3.920426344871520996e+01
3.922391629219055176e+01
3.924403142929077148e+01
3.926406025886535645e+01
3.928430342674255371e+01
3.930457949638366699e+01
3.932397985458374023e+01
3.934399795532226562e+01
3.936392712593078613e+01
3.938415193557739258e+01
3.940423512458801270e+01
3.942391610145568848e+01
3.944402098655700684e+01
3.946397614479064941e+01
3.948416972160339355e+01
3.950424814224243164e+01
3.952388763427734375e+01
3.954426455497741699e+01
3.956403136253356934e+01
3.958391690254211426e+01
3.960393762588500977e+01
3.962391901016235352e+01
3.964428424835205078e+01
3.966403150558471680e+01
3.968448019027709961e+01
3.970417308807373047e+01
3.972430419921875000e+01
3.974437212944030762e+01
3.976429319381713867e+01
3.978435444831848145e+01
3.980434489250183105e+01
3.982451653480529785e+01
3.984420943260192871e+01
3.986481595039367676e+01
3.988479685783386230e+01
3.990392971038818359e+01
3.992382168769836426e+01
3.994377923011779785e+01
3.996387076377868652e+01
3.998404121398925781e+01
4.000436735153198242e+01
4.002398443222045898e+01
4.004424595832824707e+01
4.006396842002868652e+01
4.008408021926879883e+01
4.010394310951232910e+01
4.012393426895141602e+01
4.014356780052185059e+01
4.016351175308227539e+01
4.018343949317932129e+01
4.020394253730773926e+01
4.022387170791625977e+01
4.024391341209411621e+01
4.026433372497558594e+01
4.028396916389465332e+01
4.030400848388671875e+01
4.032389187812805176e+01
4.034395432472229004e+01
4.036357402801513672e+01
4.038361263275146484e+01
4.040391898155212402e+01
4.042401552200317383e+01
4.044386243820190430e+01
4.046468591690063477e+01
4.048437643051147461e+01
4.050401139259338379e+01
4.052398300170898438e+01
4.054405426979064941e+01
4.056478452682495117e+01
4.058403635025024414e+01
4.060392451286315918e+01
4.062394571304321289e+01
4.064443707466125488e+01
4.066421461105346680e+01
4.068436956405639648e+01
4.070459222793579102e+01
4.072385931015014648e+01
4.074532151222229004e+01
4.076410031318664551e+01
4.078422784805297852e+01
4.080398631095886230e+01
4.082422447204589844e+01
4.084437632560729980e+01
4.086457395553588867e+01
4.088416743278503418e+01
4.090427327156066895e+01
4.092436957359313965e+01
4.094409871101379395e+01
4.096415710449218750e+01
4.098428082466125488e+01
4.100446629524230957e+01
4.102444505691528320e+01
4.104465007781982422e+01
4.106414508819580078e+01
4.108443474769592285e+01
4.110368514060974121e+01
4.112374854087829590e+01
4.114417004585266113e+01
4.116395497322082520e+01
4.118445086479187012e+01
4.120430350303649902e+01
4.122424077987670898e+01
4.124431824684143066e+01
4.126492738723754883e+01
4.128430175781250000e+01
4.130424594879150391e+01
4.132430267333984375e+01
4.134435725212097168e+01
4.136412620544433594e+01
4.138398694992065430e+01
4.140413665771484375e+01
4.142390727996826172e+01
4.144525194168090820e+01
4.146421694755554199e+01
4.148396420478820801e+01
4.150423288345336914e+01
4.152400493621826172e+01
4.154431056976318359e+01
4.156426310539245605e+01
4.158434319496154785e+01
4.160435557365417480e+01
4.162418794631958008e+01
4.164443039894104004e+01
4.166428613662719727e+01
4.168394064903259277e+01
4.170391058921813965e+01
4.172384738922119141e+01
4.174390292167663574e+01
4.176388335227966309e+01
4.178397893905639648e+01
4.180395793914794922e+01
4.182409358024597168e+01
4.184401869773864746e+01
4.186400532722473145e+01
4.188397741317749023e+01
4.190403985977172852e+01
4.192418265342712402e+01
4.194394731521606445e+01
4.196399855613708496e+01
4.198401689529418945e+01
4.200445699691772461e+01
4.202386665344238281e+01
4.204379725456237793e+01
4.206377267837524414e+01
4.208376646041870117e+01
4.210382914543151855e+01
4.212380385398864746e+01
4.214382457733154297e+01
4.216374015808105469e+01
4.218380665779113770e+01
4.220378470420837402e+01
4.222383642196655273e+01
4.224375104904174805e+01
4.226383304595947266e+01
4.228398251533508301e+01
4.230396556854248047e+01
4.232385110855102539e+01
4.234437060356140137e+01
4.236393427848815918e+01
4.238391113281250000e+01
4.240390086174011230e+01
4.242380189895629883e+01
4.244378066062927246e+01
4.246376323699951172e+01
4.248400926589965820e+01
4.250381803512573242e+01
4.252379274368286133e+01
4.254392695426940918e+01
4.256406641006469727e+01
4.258401036262512207e+01
4.260389590263366699e+01
4.263806509971618652e+01
4.265733289718627930e+01
4.267740559577941895e+01
4.269729137420654297e+01
4.271745395660400391e+01
4.273758888244628906e+01
4.275727629661560059e+01
4.277725434303283691e+01
4.279728722572326660e+01
4.281751179695129395e+01
4.283728981018066406e+01
4.285756087303161621e+01
4.287731862068176270e+01
4.289725160598754883e+01
4.291741108894348145e+01
4.293726372718811035e+01
4.295742964744567871e+01
4.297730469703674316e+01
4.299729990959167480e+01
4.301733565330505371e+01
4.303735184669494629e+01
4.305748510360717773e+01
4.307722258567810059e+01
4.309718036651611328e+01
4.311762833595275879e+01
4.313756108283996582e+01
4.315764474868774414e+01
4.317754983901977539e+01
4.319772195816040039e+01
4.321765637397766113e+01
4.323761415481567383e+01
4.325755691528320312e+01
4.327761197090148926e+01
4.329749608039855957e+01
4.331758427619934082e+01
4.333757638931274414e+01
4.335771203041076660e+01
4.337769556045532227e+01
4.339744448661804199e+01
4.341752934455871582e+01
4.343751382827758789e+01
4.345751810073852539e+01
4.347767901420593262e+01
4.349735188484191895e+01
4.351760983467102051e+01
4.353775072097778320e+01
4.355762243270874023e+01
4.357761645317077637e+01
4.359768509864807129e+01
4.361765098571777344e+01
4.363768601417541504e+01
4.365757036209106445e+01
4.367761111259460449e+01
4.369775867462158203e+01
4.371790409088134766e+01
4.373739051818847656e+01
4.375724840164184570e+01
4.377776408195495605e+01
4.379755139350891113e+01
4.381731867790222168e+01
4.383725190162658691e+01
4.385717415809631348e+01
4.387790799140930176e+01
4.389736485481262207e+01
4.391740918159484863e+01
4.393732404708862305e+01
4.395728302001953125e+01
4.397731852531433105e+01
4.399748849868774414e+01
4.401722455024719238e+01
4.403767514228820801e+01
4.405748248100280762e+01
4.407751035690307617e+01
4.409766316413879395e+01
4.411788725852966309e+01
4.413778686523437500e+01
4.415743136405944824e+01
4.417736530303955078e+01
4.419768095016479492e+01
4.421753025054931641e+01
4.423761487007141113e+01
4.425749301910400391e+01
4.427788066864013672e+01
4.429747772216796875e+01
4.431784844398498535e+01
4.433755469322204590e+01
4.435733675956726074e+01
4.437803840637207031e+01
4.439772582054138184e+01
4.441747331619262695e+01
4.443742346763610840e+01
4.445730519294738770e+01
4.447804713249206543e+01
4.449750351905822754e+01
4.451745390892028809e+01
4.453746414184570312e+01
4.455737829208374023e+01
4.457782769203186035e+01
4.459733819961547852e+01
4.461743783950805664e+01
4.463742041587829590e+01
4.465765428543090820e+01
4.467847609519958496e+01
4.469722795486450195e+01
4.471733164787292480e+01
4.473718428611755371e+01
4.475741982460021973e+01
4.477716779708862305e+01
4.479749011993408203e+01
4.481771206855773926e+01
4.483737707138061523e+01
4.485732269287109375e+01
4.487819194793701172e+01
4.489757132530212402e+01
4.491724801063537598e+01
4.493745279312133789e+01
4.495729470252990723e+01
4.497756314277648926e+01
4.499766564369201660e+01
4.501772141456604004e+01
4.503738474845886230e+01
4.505721616744995117e+01
4.507846260070800781e+01
4.509762954711914062e+01
4.511755156517028809e+01
4.513772058486938477e+01
4.515763998031616211e+01
4.517767381668090820e+01
4.519761395454406738e+01
4.521754050254821777e+01
4.523752903938293457e+01
4.525744843482971191e+01
4.527754998207092285e+01
4.529731845855712891e+01
4.531758880615234375e+01
4.533756804466247559e+01
4.535749864578247070e+01
4.537762141227722168e+01
4.539764523506164551e+01
4.541776561737060547e+01
4.543762612342834473e+01
4.545767450332641602e+01
4.547768044471740723e+01
4.549757289886474609e+01
4.551748704910278320e+01
4.553753185272216797e+01
4.555748653411865234e+01
4.557752490043640137e+01
4.559751391410827637e+01
4.561770987510681152e+01
4.563768529891967773e+01
4.565765190124511719e+01
4.567763686180114746e+01
4.569715595245361328e+01
4.571714448928833008e+01
4.573707842826843262e+01
4.575723266601562500e+01
4.577705097198486328e+01
4.579717803001403809e+01
4.581773209571838379e+01
4.583734560012817383e+01
4.585709476470947266e+01
4.587718605995178223e+01
4.589724159240722656e+01
4.591715979576110840e+01
4.593773436546325684e+01
4.595806431770324707e+01
4.597750687599182129e+01
4.599720001220703125e+01
4.601720976829528809e+01
4.603751564025878906e+01
4.605757379531860352e+01
4.607765626907348633e+01
4.609751892089843750e+01
4.611751532554626465e+01
4.613747906684875488e+01
4.615755724906921387e+01
4.617757487297058105e+01
4.619755673408508301e+01
4.621747970581054688e+01
4.623733663558959961e+01
4.625830912590026855e+01
4.627800130844116211e+01
4.629758763313293457e+01
4.631755137443542480e+01
4.633761882781982422e+01
4.635761141777038574e+01
4.637711286544799805e+01
4.639746284484863281e+01
4.641707420349121094e+01
4.643723607063293457e+01
4.645706820487976074e+01
4.647728610038757324e+01
4.649754095077514648e+01
4.651759743690490723e+01
4.653759646415710449e+01
4.655823993682861328e+01
4.657767820358276367e+01
4.659759902954101562e+01
4.661745786666870117e+01
4.663759469985961914e+01
4.665745162963867188e+01
4.667748665809631348e+01
4.669760489463806152e+01
4.671775197982788086e+01
4.673742127418518066e+01
4.675794482231140137e+01
4.677758073806762695e+01
4.679835438728332520e+01
4.681809210777282715e+01
4.683795356750488281e+01
4.685825514793395996e+01
4.687772607803344727e+01
4.689774990081787109e+01
4.691742920875549316e+01
4.693747282028198242e+01
4.695796799659729004e+01
4.697767686843872070e+01
4.699775457382202148e+01
4.701705288887023926e+01
4.703722667694091797e+01
4.705715227127075195e+01
4.707710218429565430e+01
4.709703993797302246e+01
4.711707448959350586e+01
4.713739490509033203e+01
4.715781927108764648e+01
4.717721080780029297e+01
4.719710445404052734e+01
4.721719861030578613e+01
4.723720669746398926e+01
4.725710701942443848e+01
4.727711248397827148e+01
4.729706406593322754e+01
4.731709599494934082e+01
4.733797049522399902e+01
4.735830068588256836e+01
4.737758827209472656e+01
4.739762496948242188e+01
4.741758918762207031e+01
4.743739008903503418e+01
4.745809388160705566e+01
4.747773766517639160e+01
4.749790287017822266e+01
4.751771855354309082e+01
4.753759813308715820e+01
4.755735325813293457e+01
4.757765841484069824e+01
4.759713745117187500e+01
4.761715769767761230e+01
4.763736653327941895e+01
4.765769815444946289e+01
4.767729830741882324e+01
4.769742202758789062e+01
4.771768617630004883e+01
4.773757696151733398e+01
4.775740456581115723e+01
4.777746438980102539e+01
4.779744362831115723e+01
4.781747579574584961e+01
4.783762168884277344e+01
4.785755252838134766e+01
4.787759661674499512e+01
4.789751505851745605e+01
4.791784286499023438e+01
4.793762874603271484e+01
4.795758056640625000e+01
4.797760248184204102e+01
4.799728775024414062e+01
4.801769876480102539e+01
4.803770875930786133e+01
4.805727005004882812e+01
4.807695102691650391e+01
4.809762477874755859e+01
4.811733961105346680e+01
4.813710474967956543e+01
4.815695190429687500e+01
4.817687153816223145e+01
4.819708251953125000e+01
4.821700906753540039e+01
4.823690199851989746e+01
4.825688719749450684e+01
4.827697873115539551e+01
4.829693913459777832e+01
4.831694340705871582e+01
4.833695387840270996e+01
4.835690522193908691e+01
4.837691783905029297e+01
4.839690709114074707e+01
4.841688823699951172e+01
4.843688607215881348e+01
4.845694637298583984e+01
4.847694087028503418e+01
4.849696445465087891e+01
4.851689362525939941e+01
4.853694510459899902e+01
4.855697035789489746e+01
4.857703089714050293e+01
4.859696769714355469e+01
4.861691617965698242e+01
4.863788127899169922e+01
4.865763068199157715e+01
4.867764735221862793e+01
4.869759511947631836e+01
4.871772503852844238e+01
4.873803544044494629e+01
4.875784492492675781e+01
4.877800393104553223e+01
4.879770398139953613e+01
4.881803512573242188e+01
4.883786511421203613e+01
4.885783410072326660e+01
4.887802624702453613e+01
4.889815759658813477e+01
4.891797184944152832e+01
4.893814945220947266e+01
4.895829820632934570e+01
4.897788476943969727e+01
4.899805831909179688e+01
4.901804733276367188e+01
4.903785061836242676e+01
4.905784082412719727e+01
4.907785677909851074e+01
4.909795594215393066e+01
4.911790490150451660e+01
4.913788747787475586e+01
4.915782046318054199e+01
4.917794156074523926e+01
4.919801282882690430e+01
4.921853470802307129e+01
4.923763966560363770e+01
4.925776958465576172e+01
4.927798700332641602e+01
4.929804539680480957e+01
4.931795310974121094e+01
4.933801841735839844e+01
4.935787749290466309e+01
4.937806510925292969e+01
4.939841794967651367e+01
4.941799879074096680e+01
4.943798780441284180e+01
4.945789790153503418e+01
4.947784805297851562e+01
4.949786615371704102e+01
4.951739788055419922e+01
4.953772902488708496e+01
4.955779290199279785e+01
4.957772231101989746e+01
4.959768223762512207e+01
4.961782956123352051e+01
4.963769745826721191e+01
4.965761280059814453e+01
4.967752194404602051e+01
4.969772243499755859e+01
4.971759748458862305e+01
4.973776340484619141e+01
4.975772237777709961e+01
4.977765345573425293e+01
4.979766607284545898e+01
4.981769037246704102e+01
4.983763861656188965e+01
4.985755467414855957e+01
4.987773323059082031e+01
4.989784622192382812e+01
4.991793155670166016e+01
4.993750000000000000e+01
4.995795106887817383e+01
4.997764158248901367e+01
4.999771380424499512e+01
5.001773810386657715e+01
5.003783249855041504e+01
5.005751848220825195e+01
5.007771635055541992e+01
5.009778857231140137e+01
5.011772465705871582e+01
5.013752555847167969e+01
5.015771412849426270e+01
5.017829895019531250e+01
5.019806098937988281e+01
5.021711373329162598e+01
5.023837137222290039e+01
5.025704145431518555e+01
5.027710413932800293e+01
5.029727268218994141e+01
5.031752014160156250e+01
5.033709263801574707e+01
5.035706353187561035e+01
5.037707781791687012e+01
5.039726448059082031e+01
5.041688251495361328e+01
5.043734240531921387e+01
5.045676279067993164e+01
5.047726202011108398e+01
5.049690103530883789e+01
5.051727795600891113e+01
5.053708934783935547e+01
5.055726408958435059e+01
5.057663679122924805e+01
5.059730553627014160e+01
5.061659026145935059e+01
5.063733172416687012e+01
5.065673422813415527e+01
5.067715620994567871e+01
5.069670248031616211e+01
5.071715569496154785e+01
5.073658132553100586e+01
5.075713777542114258e+01
5.077663135528564453e+01
5.079712724685668945e+01
5.081658053398132324e+01
5.083729767799377441e+01
5.085656666755676270e+01
5.087731266021728516e+01
5.089658617973327637e+01
5.091709136962890625e+01
5.093658494949340820e+01
5.095710110664367676e+01
5.097660040855407715e+01
5.099736309051513672e+01
5.101667380332946777e+01
5.103735685348510742e+01
5.105667042732238770e+01
5.107731628417968750e+01
5.109679031372070312e+01
5.111775851249694824e+01
5.113766384124755859e+01
5.115775012969970703e+01
5.117675709724426270e+01
5.119736170768737793e+01
5.121773576736450195e+01
5.123769068717956543e+01
5.125758481025695801e+01
5.127769708633422852e+01
5.129759716987609863e+01
5.131775927543640137e+01
5.133768844604492188e+01
5.135755252838134766e+01
5.137755322456359863e+01
5.139767074584960938e+01
5.141764187812805176e+01
5.143751621246337891e+01
5.145759773254394531e+01
5.147734570503234863e+01
5.149810171127319336e+01
5.151774907112121582e+01
5.153755021095275879e+01
5.155736422538757324e+01
5.157758450508117676e+01
5.159772109985351562e+01
5.161758375167846680e+01
5.163803076744079590e+01
5.165733623504638672e+01
5.167736411094665527e+01
5.169753694534301758e+01
5.171756625175476074e+01
5.173773431777954102e+01
5.175759911537170410e+01
5.177811360359191895e+01
5.179747748374938965e+01
5.181739902496337891e+01
5.183755254745483398e+01
5.185747337341308594e+01
5.187717628479003906e+01
5.189745831489562988e+01
5.191778016090393066e+01
5.193769097328186035e+01
5.195751738548278809e+01
5.197766041755676270e+01
5.199777674674987793e+01
5.201759171485900879e+01
5.203771805763244629e+01
5.205761075019836426e+01
5.207736682891845703e+01
5.209717226028442383e+01
5.211742258071899414e+01
5.213730478286743164e+01
5.215734124183654785e+01
5.217729640007019043e+01
5.219729304313659668e+01
5.221710443496704102e+01
5.223738574981689453e+01
5.225731205940246582e+01
5.227736401557922363e+01
5.229706168174743652e+01
5.231739282608032227e+01
5.233716320991516113e+01
5.235727310180664062e+01
5.237713241577148438e+01
5.239741063117980957e+01
5.241712665557861328e+01
5.243710350990295410e+01
5.245718097686767578e+01
5.247716212272644043e+01
5.249709606170654297e+01
5.251710104942321777e+01
5.253714919090270996e+01
5.255720472335815430e+01
5.257721281051635742e+01
5.259720921516418457e+01
5.261706352233886719e+01
5.263736414909362793e+01
5.265720796585083008e+01
5.267734479904174805e+01
5.269716238975524902e+01
5.271729350090026855e+01
5.273699522018432617e+01
5.275729918479919434e+01
5.277716469764709473e+01
5.279717588424682617e+01
5.281728935241699219e+01
5.283746957778930664e+01
5.285714960098266602e+01
5.287738752365112305e+01
5.289715194702148438e+01
5.291734957695007324e+01
5.293718194961547852e+01
5.295726895332336426e+01
5.297719669342041016e+01
5.299712276458740234e+01
5.301700210571289062e+01
5.303711628913879395e+01
5.305741167068481445e+01
5.307714438438415527e+01
5.309712386131286621e+01
5.311719584465026855e+01
5.313717555999755859e+01
5.315707063674926758e+01
5.317728543281555176e+01
5.319739365577697754e+01
5.321706247329711914e+01
5.323713231086730957e+01
5.325701570510864258e+01
5.327708148956298828e+01
5.329709458351135254e+01
5.331718087196350098e+01
5.333712244033813477e+01
5.335715270042419434e+01
5.337706542015075684e+01
5.339717316627502441e+01
5.341715455055236816e+01
5.343723940849304199e+01
5.345714592933654785e+01
5.347743248939514160e+01
5.349716734886169434e+01
5.351734018325805664e+01
5.353717589378356934e+01
5.355743217468261719e+01
5.357710862159729004e+01
5.359730744361877441e+01
5.361709690093994141e+01
5.363702392578125000e+01
5.365756487846374512e+01
5.367753720283508301e+01
5.369743442535400391e+01
5.371738576889038086e+01
5.373744869232177734e+01
5.375753617286682129e+01
5.377763390541076660e+01
5.379770565032958984e+01
5.381766843795776367e+01
5.383775830268859863e+01
5.385757970809936523e+01
5.387765884399414062e+01
5.389760947227478027e+01
5.391768479347229004e+01
5.393727684020996094e+01
5.395749497413635254e+01
5.397770667076110840e+01
5.399771499633789062e+01
5.401760578155517578e+01
5.403758335113525391e+01
5.405765342712402344e+01
5.407770323753356934e+01
5.409772491455078125e+01
5.411755347251892090e+01
5.413743567466735840e+01
5.415772032737731934e+01
5.417789959907531738e+01
5.419771003723144531e+01
5.421749401092529297e+01
5.423733949661254883e+01
5.425757527351379395e+01
5.427778124809265137e+01
5.429742097854614258e+01
5.431761455535888672e+01
5.433766746520996094e+01
5.435759329795837402e+01
5.437756586074829102e+01
5.439776849746704102e+01
5.441746091842651367e+01
5.443770265579223633e+01
5.445742940902709961e+01
5.447733712196350098e+01
5.449739289283752441e+01
5.451779651641845703e+01
5.453767633438110352e+01
5.455760002136230469e+01
5.457798814773559570e+01
5.459762477874755859e+01
5.461742234230041504e+01
5.463744187355041504e+01
5.465745377540588379e+01
5.467796993255615234e+01
5.469742965698242188e+01
5.471752524375915527e+01
5.473763751983642578e+01
5.475757670402526855e+01
5.477788400650024414e+01
5.479763674736022949e+01
5.481752204895019531e+01
5.483735084533691406e+01
5.485729670524597168e+01
5.487791371345520020e+01
5.489750170707702637e+01
5.491761565208435059e+01
5.493730640411376953e+01
5.495738506317138672e+01
5.497786617279052734e+01
5.499766278266906738e+01
5.501742935180664062e+01
5.503734636306762695e+01
5.505767416954040527e+01
5.507736611366271973e+01
5.509685540199279785e+01
5.511727023124694824e+01
5.513696384429931641e+01
5.515783500671386719e+01
5.517735457420349121e+01
5.519762063026428223e+01
5.521758627891540527e+01
5.523765969276428223e+01
5.525768709182739258e+01
5.527765464782714844e+01
5.529746270179748535e+01
5.531761002540588379e+01
5.533745169639587402e+01
5.535735082626342773e+01
5.537766695022583008e+01
5.539756274223327637e+01
5.541758227348327637e+01
5.543757820129394531e+01
5.545865488052368164e+01
5.547670364379882812e+01
5.549761295318603516e+01
5.551759529113769531e+01
5.553765583038330078e+01
5.555746960639953613e+01
5.557749795913696289e+01
5.559740495681762695e+01
5.561733365058898926e+01
5.563748025894165039e+01
5.565741634368896484e+01
5.567730498313903809e+01
5.569751572608947754e+01
5.571755623817443848e+01
5.573770523071289062e+01
5.575739002227783203e+01
5.577740216255187988e+01
5.579754972457885742e+01
5.581767702102661133e+01
5.583755302429199219e+01
5.585746073722839355e+01
5.587744879722595215e+01
5.589746189117431641e+01
5.591736888885498047e+01
5.593741726875305176e+01
5.595750927925109863e+01
5.597796773910522461e+01
5.599778461456298828e+01
5.601785755157470703e+01
5.603773784637451172e+01
5.605760622024536133e+01
5.607741737365722656e+01
5.609734725952148438e+01
5.611745643615722656e+01
5.613751053810119629e+01
5.615738987922668457e+01
5.617745232582092285e+01
5.619753694534301758e+01
5.621764516830444336e+01
5.623766779899597168e+01
5.625752663612365723e+01
5.627776885032653809e+01
5.629757976531982422e+01
5.631785678863525391e+01
5.633790707588195801e+01
5.635760831832885742e+01
5.637754225730895996e+01
5.639756631851196289e+01
5.641768097877502441e+01
5.643735408782958984e+01
5.645754384994506836e+01
5.647752070426940918e+01
5.649761104583740234e+01
5.651754856109619141e+01
5.653774309158325195e+01
5.655765485763549805e+01
5.657760834693908691e+01
5.659764909744262695e+01
5.661756563186645508e+01
5.663781690597534180e+01
5.665781569480895996e+01
5.667759609222412109e+01
5.669731903076171875e+01
5.671755790710449219e+01
5.673898243904113770e+01
5.675757980346679688e+01
5.677781367301940918e+01
5.679742312431335449e+01
5.681762599945068359e+01
5.683765029907226562e+01
5.685774135589599609e+01
5.687775707244873047e+01
5.689756727218627930e+01
5.691751909255981445e+01
5.693751597404479980e+01
5.695735812187194824e+01
5.697757196426391602e+01
5.699758291244506836e+01
5.701748943328857422e+01
5.703745222091674805e+01
5.705763077735900879e+01
5.707753539085388184e+01
5.709782671928405762e+01
5.711748003959655762e+01
5.713751435279846191e+01
5.715782237052917480e+01
5.717769861221313477e+01
5.719777059555053711e+01
5.721762633323669434e+01
5.723761844635009766e+01
5.725737762451171875e+01
5.727774047851562500e+01
5.729758524894714355e+01
5.731737446784973145e+01
5.733741331100463867e+01
5.735760593414306641e+01
5.737760257720947266e+01
5.739756941795349121e+01
5.741735982894897461e+01
5.743765234947204590e+01
5.745794820785522461e+01
5.747753357887268066e+01
5.749742078781127930e+01
5.751756739616394043e+01
5.753750348091125488e+01
5.755729794502258301e+01
5.757736182212829590e+01
5.759770584106445312e+01
5.761773991584777832e+01
5.763749217987060547e+01
5.765752720832824707e+01
5.767732620239257812e+01
5.769746565818786621e+01
5.771768712997436523e+01
5.773742961883544922e+01
5.775742554664611816e+01
5.777746367454528809e+01
5.779752016067504883e+01
5.781744289398193359e+01
5.783792352676391602e+01
5.785755062103271484e+01
5.787782740592956543e+01
5.789791893959045410e+01
5.791778063774108887e+01
5.793740320205688477e+01
5.795754265785217285e+01
5.797754430770874023e+01
5.799740672111511230e+01
5.801791477203369141e+01
5.803746724128723145e+01
5.805795335769653320e+01
5.807752633094787598e+01
5.809751486778259277e+01
5.811774086952209473e+01
5.813744139671325684e+01
5.815737080574035645e+01
5.817762351036071777e+01
5.819775533676147461e+01
5.821755385398864746e+01
5.823782110214233398e+01
5.825759553909301758e+01
5.827781367301940918e+01
5.829772019386291504e+01
5.831758260726928711e+01
5.833743500709533691e+01
5.835781645774841309e+01
5.837755084037780762e+01
5.839732599258422852e+01
5.841770601272583008e+01
5.843764448165893555e+01
5.845748710632324219e+01
5.847754406929016113e+01
5.849773383140563965e+01
5.851756381988525391e+01
5.853771686553955078e+01
5.855768942832946777e+01
5.857768559455871582e+01
5.859791064262390137e+01
5.861758708953857422e+01
5.863762688636779785e+01
5.865769219398498535e+01
5.867762827873229980e+01
5.869736433029174805e+01
5.871722292900085449e+01
5.873712491989135742e+01
5.875731992721557617e+01
5.877722215652465820e+01
5.879722452163696289e+01
5.881724667549133301e+01
5.883744788169860840e+01
5.885761308670043945e+01
5.887739419937133789e+01
5.889717912673950195e+01
5.891740322113037109e+01
5.893712091445922852e+01
5.895719313621520996e+01
5.897711181640625000e+01
5.899714922904968262e+01
5.901720929145812988e+01
5.903737831115722656e+01
5.905726242065429688e+01
5.907757639884948730e+01
5.909723758697509766e+01
5.911741542816162109e+01
5.913726711273193359e+01
5.915741896629333496e+01
5.917719459533691406e+01
5.919742536544799805e+01
5.921767377853393555e+01
5.923779797554016113e+01
5.925756192207336426e+01
5.927766919136047363e+01
5.929768729209899902e+01
5.931760025024414062e+01
5.933744263648986816e+01
5.935764908790588379e+01
5.937758135795593262e+01
5.939749956130981445e+01
5.941739225387573242e+01
5.943759465217590332e+01
5.945761704444885254e+01
5.947757220268249512e+01
5.949752426147460938e+01
5.951750707626342773e+01
5.953834295272827148e+01
5.955757045745849609e+01
5.957763338088989258e+01
5.959842872619628906e+01
5.961786890029907227e+01
5.963765072822570801e+01
5.965806078910827637e+01
5.967694473266601562e+01
5.969757390022277832e+01
5.971789932250976562e+01
5.973771023750305176e+01
5.975751614570617676e+01
5.977770233154296875e+01
5.979745244979858398e+01
5.981764173507690430e+01
5.983761310577392578e+01
5.985763788223266602e+01
5.987813282012939453e+01
5.989763951301574707e+01
5.991749072074890137e+01
5.993848943710327148e+01
5.995724654197692871e+01
5.997779130935668945e+01
5.999771523475646973e+01
6.001756668090820312e+01
6.003755426406860352e+01
6.005756092071533203e+01
6.007820200920104980e+01
6.009753370285034180e+01
6.011758923530578613e+01
6.013747644424438477e+01
6.015737557411193848e+01
6.017809748649597168e+01
6.019738960266113281e+01
6.021735239028930664e+01
6.023744606971740723e+01
6.025743675231933594e+01
6.027800083160400391e+01
6.029760265350341797e+01
6.031794333457946777e+01
6.033761596679687500e+01
6.035747051239013672e+01
6.037741541862487793e+01
6.039767479896545410e+01
6.041786956787109375e+01
6.043736791610717773e+01
6.045735001564025879e+01
6.047734260559082031e+01
6.049760103225708008e+01
6.051757192611694336e+01
6.053769755363464355e+01
6.055742526054382324e+01
6.057747006416320801e+01
6.059736084938049316e+01
6.061777138710021973e+01
6.063766694068908691e+01
6.065753388404846191e+01
6.067774558067321777e+01
6.069793796539306641e+01
6.071769833564758301e+01
6.073749160766601562e+01
6.075738120079040527e+01
6.077767467498779297e+01
6.079752111434936523e+01
6.081748867034912109e+01
6.083748936653137207e+01
6.085755372047424316e+01
6.087777829170227051e+01
6.089677357673645020e+01
6.091736245155334473e+01
6.093699622154235840e+01
6.095808792114257812e+01
6.097674489021301270e+01
6.099733257293701172e+01
6.101681709289550781e+01
6.103739070892333984e+01
6.105698156356811523e+01
6.107735562324523926e+01
6.109673738479614258e+01
6.111732769012451172e+01
6.113683938980102539e+01
6.115675640106201172e+01
6.117743158340454102e+01
6.119722771644592285e+01
6.121677064895629883e+01
6.123743724822998047e+01
6.125669693946838379e+01
6.127737140655517578e+01
6.129683446884155273e+01
6.131791210174560547e+01
6.133692049980163574e+01
6.135818862915039062e+01
6.137672042846679688e+01
6.139718365669250488e+01
6.141667556762695312e+01
6.143719482421875000e+01
6.145666456222534180e+01
6.147723102569580078e+01
6.149709439277648926e+01
6.151715111732482910e+01
6.153735756874084473e+01
6.155725240707397461e+01
6.157722282409667969e+01
6.159721541404724121e+01
6.161750888824462891e+01
6.163771390914916992e+01
6.165767860412597656e+01
6.167753195762634277e+01
6.169745826721191406e+01
6.171740102767944336e+01
6.173776507377624512e+01
6.175761318206787109e+01
6.177752995491027832e+01
6.179769325256347656e+01
6.181779074668884277e+01
6.183769011497497559e+01
6.185726857185363770e+01
6.187786579132080078e+01
6.189765596389770508e+01
6.191769170761108398e+01
6.193761658668518066e+01
6.195778441429138184e+01
6.197765302658081055e+01
6.199742531776428223e+01
6.201749634742736816e+01
6.203754353523254395e+01
6.205752563476562500e+01
6.207757544517517090e+01
6.209758996963500977e+01
6.211755275726318359e+01
6.213762640953063965e+01
6.215774655342102051e+01
6.217767620086669922e+01
6.219770073890686035e+01
6.221789216995239258e+01
6.223767709732055664e+01
6.225772929191589355e+01
6.227756357192993164e+01
6.229771780967712402e+01
6.231782150268554688e+01
6.233753037452697754e+01
6.235746574401855469e+01
6.237808966636657715e+01
6.239786362648010254e+01
6.241778874397277832e+01
6.243736958503723145e+01
6.245735454559326172e+01
6.247734785079956055e+01
6.249758958816528320e+01
6.251779890060424805e+01
6.253764128684997559e+01
6.255770039558410645e+01
6.257759141921997070e+01
6.259775948524475098e+01
6.261765313148498535e+01
6.263777828216552734e+01
6.265723896026611328e+01
6.267722558975219727e+01
6.269778847694396973e+01
6.271770286560058594e+01
6.273766112327575684e+01
6.275772547721862793e+01
6.277762389183044434e+01
6.279774427413940430e+01
6.281759476661682129e+01
6.283768367767333984e+01
6.285763692855834961e+01
6.287766480445861816e+01
6.289712762832641602e+01
6.291844367980957031e+01
6.293766617774963379e+01
6.295770764350891113e+01
6.297748327255249023e+01
6.299761700630187988e+01
6.301758980751037598e+01
6.303766965866088867e+01
6.305770969390869141e+01
6.307759761810302734e+01
6.309701943397521973e+01
6.311709332466125488e+01
6.313743376731872559e+01
6.315802097320556641e+01
6.317791676521301270e+01
6.319747209548950195e+01
6.321784043312072754e+01
6.323763012886047363e+01
6.325762629508972168e+01
6.327777838706970215e+01
6.329751920700073242e+01
6.331758856773376465e+01
6.333781576156616211e+01
6.335759234428405762e+01
6.337755298614501953e+01
6.339782094955444336e+01
6.341760635375976562e+01
6.343803048133850098e+01
6.345780944824218750e+01
6.347787475585937500e+01
6.349762058258056641e+01
6.351778674125671387e+01
6.353767085075378418e+01
6.355773115158081055e+01
6.357753825187683105e+01
6.359765148162841797e+01
6.361768150329589844e+01
6.363793730735778809e+01
6.365788364410400391e+01
6.367829298973083496e+01
6.369763994216918945e+01
6.371765828132629395e+01
6.373765921592712402e+01
6.375764727592468262e+01
6.377778959274291992e+01
6.379714441299438477e+01
6.381777811050415039e+01
6.383779478073120117e+01
6.385762095451354980e+01
6.387768959999084473e+01
6.389772772789001465e+01
6.391772389411926270e+01
6.393773436546325684e+01
6.395763158798217773e+01
6.397756242752075195e+01
6.399770188331604004e+01
6.401772308349609375e+01
6.403783202171325684e+01
6.405771279335021973e+01
6.407720446586608887e+01
6.409759950637817383e+01
6.411768078804016113e+01
6.413737821578979492e+01
6.415769743919372559e+01
6.417752075195312500e+01
6.419763159751892090e+01
6.421764779090881348e+01
6.423772215843200684e+01
6.425743412971496582e+01
6.427748465538024902e+01
6.429747271537780762e+01
6.431749010086059570e+01
6.433768463134765625e+01
6.435745549201965332e+01
6.437754034996032715e+01
6.439749574661254883e+01
6.441740036010742188e+01
6.443737483024597168e+01
6.445764446258544922e+01
6.447771167755126953e+01
6.449749422073364258e+01
6.451766610145568848e+01
6.453749489784240723e+01
6.455757808685302734e+01
6.457757997512817383e+01
6.459761023521423340e+01
6.461758399009704590e+01
6.463745665550231934e+01
6.465767693519592285e+01
6.467754077911376953e+01
6.469795918464660645e+01
6.471766877174377441e+01
6.473754477500915527e+01
6.475738525390625000e+01
6.477752637863159180e+01
6.479739284515380859e+01
6.481760597229003906e+01
6.483755064010620117e+01
6.485769128799438477e+01
6.487751102447509766e+01
6.489756107330322266e+01
6.491738176345825195e+01
6.493917989730834961e+01
6.495730209350585938e+01
6.497760748863220215e+01
6.499761438369750977e+01
6.501764059066772461e+01
6.503758931159973145e+01
6.505739092826843262e+01
6.507756090164184570e+01
6.509761953353881836e+01
6.511746025085449219e+01
6.513737988471984863e+01
6.515749764442443848e+01
6.517747974395751953e+01
6.519769167900085449e+01
6.521740865707397461e+01
6.523751997947692871e+01
6.525769972801208496e+01
6.527756142616271973e+01
6.529748749732971191e+01
6.531760358810424805e+01
6.533753848075866699e+01
6.535731935501098633e+01
6.537753272056579590e+01
6.539763426780700684e+01
6.541757678985595703e+01
6.543721985816955566e+01
6.545725393295288086e+01
6.547722315788269043e+01
6.549721431732177734e+01
6.551731824874877930e+01
6.553731846809387207e+01
6.555727171897888184e+01
6.557744789123535156e+01
6.559734916687011719e+01
6.561722993850708008e+01
6.563727211952209473e+01
6.565722250938415527e+01
6.567714405059814453e+01
6.569718742370605469e+01
6.571729421615600586e+01
6.573716831207275391e+01
6.575719928741455078e+01
6.577718377113342285e+01
6.579725122451782227e+01
6.581728291511535645e+01
6.583719444274902344e+01
6.585724759101867676e+01
6.587725973129272461e+01
6.589730334281921387e+01
6.591728186607360840e+01
6.593717694282531738e+01
6.595717215538024902e+01
6.597738671302795410e+01
6.599723315238952637e+01
6.601723074913024902e+01
6.603720474243164062e+01
6.605741238594055176e+01
6.607723546028137207e+01
6.609722638130187988e+01
6.611730456352233887e+01
6.613720798492431641e+01
6.615730547904968262e+01
6.617724585533142090e+01
6.619732069969177246e+01
6.621715641021728516e+01
6.623718118667602539e+01
6.625698018074035645e+01
6.627719449996948242e+01
6.629711365699768066e+01
6.631721925735473633e+01
6.633725190162658691e+01
6.635732269287109375e+01
6.637723231315612793e+01
6.639739584922790527e+01
6.641737055778503418e+01
6.643719315528869629e+01
6.645730018615722656e+01
6.647708344459533691e+01
6.649718952178955078e+01
6.651726031303405762e+01
6.653762316703796387e+01
6.655707263946533203e+01
6.657783246040344238e+01
6.659729957580566406e+01
6.661700820922851562e+01
6.663732385635375977e+01
6.665704798698425293e+01
6.667727184295654297e+01
6.669711017608642578e+01
6.671728682518005371e+01
6.673715829849243164e+01
6.675726556777954102e+01
6.677727651596069336e+01
6.679716444015502930e+01
6.681711983680725098e+01
6.683718299865722656e+01
6.685700345039367676e+01
6.687712001800537109e+01
6.689704298973083496e+01
6.691705107688903809e+01
6.693719673156738281e+01
6.695719957351684570e+01
6.697704792022705078e+01
6.699724221229553223e+01
6.701724314689636230e+01
6.703720927238464355e+01
6.705703639984130859e+01
6.707729077339172363e+01
6.709711456298828125e+01
6.711712145805358887e+01
6.713716793060302734e+01
6.715709757804870605e+01
6.717710804939270020e+01
6.719722223281860352e+01
6.721724152565002441e+01
6.723737025260925293e+01
6.725727200508117676e+01
6.727737140655517578e+01
6.729727768898010254e+01
6.731687760353088379e+01
6.733695197105407715e+01
6.735693550109863281e+01
6.737693333625793457e+01
6.739691329002380371e+01
6.741698789596557617e+01
6.743691873550415039e+01
6.745691514015197754e+01
6.747694301605224609e+01
6.749690485000610352e+01
6.751691555976867676e+01
6.753692984580993652e+01
6.755698537826538086e+01
6.757694220542907715e+01
6.759734797477722168e+01
6.761721920967102051e+01
6.763719463348388672e+01
6.765731954574584961e+01
6.767704033851623535e+01
6.769659876823425293e+01
6.771716952323913574e+01
6.773703956604003906e+01
6.775717806816101074e+01
6.777712512016296387e+01
6.779710912704467773e+01
6.781715774536132812e+01
6.783721065521240234e+01
6.785719513893127441e+01
6.787740397453308105e+01
6.789722990989685059e+01
6.791730189323425293e+01
6.793716239929199219e+01
6.795731973648071289e+01
6.797720098495483398e+01
6.799723243713378906e+01
6.801710772514343262e+01
6.803717827796936035e+01
6.805709075927734375e+01
6.807760763168334961e+01
6.809723186492919922e+01
6.811711359024047852e+01
6.813708949089050293e+01
6.815721440315246582e+01
6.817713904380798340e+01
6.819722771644592285e+01
6.821718835830688477e+01
6.823726463317871094e+01
6.825715994834899902e+01
6.827733230590820312e+01
6.829716992378234863e+01
6.831720232963562012e+01
6.833726191520690918e+01
6.835710716247558594e+01
6.837765812873840332e+01
6.839711570739746094e+01
6.841718029975891113e+01
6.843720364570617676e+01
6.845719146728515625e+01
6.847746920585632324e+01
6.849710106849670410e+01
6.851723241806030273e+01
6.853726243972778320e+01
6.855723690986633301e+01
6.857719159126281738e+01
6.859752655029296875e+01
6.861729192733764648e+01
6.863730835914611816e+01
6.865731978416442871e+01
6.867725515365600586e+01
6.869722342491149902e+01
6.871716976165771484e+01
6.873725461959838867e+01
6.875731253623962402e+01
6.877729082107543945e+01
6.879721665382385254e+01
6.881721568107604980e+01
6.883734273910522461e+01
6.885714673995971680e+01
6.887751388549804688e+01
6.889720964431762695e+01
6.891737294197082520e+01
6.893712139129638672e+01
6.895746994018554688e+01
6.897716307640075684e+01
6.899728918075561523e+01
6.901712894439697266e+01
6.903729963302612305e+01
6.905727887153625488e+01
6.907733368873596191e+01
6.909723758697509766e+01
6.911722922325134277e+01
6.913727188110351562e+01
6.915738725662231445e+01
6.917721080780029297e+01
6.919735956192016602e+01
6.921729683876037598e+01
6.923720312118530273e+01
6.925713038444519043e+01
6.927798724174499512e+01
6.929728651046752930e+01
6.931735157966613770e+01
6.933727002143859863e+01
6.935734319686889648e+01
6.937739515304565430e+01
6.939782214164733887e+01
6.941724514961242676e+01
6.943732309341430664e+01
6.945715594291687012e+01
6.947736668586730957e+01
6.949738216400146484e+01
6.951761889457702637e+01
6.953714728355407715e+01
6.955766582489013672e+01
6.957731842994689941e+01
6.959733343124389648e+01
6.961716294288635254e+01
6.963729023933410645e+01
6.965733265876770020e+01
6.967729997634887695e+01
6.969723176956176758e+01
6.971725916862487793e+01
6.973722100257873535e+01
6.975737977027893066e+01
6.977759385108947754e+01
6.979733729362487793e+01
6.981726551055908203e+01
6.983721923828125000e+01
6.985727143287658691e+01
6.987757992744445801e+01
6.989715695381164551e+01
6.991708111763000488e+01
6.993716001510620117e+01
6.995718002319335938e+01
6.997719788551330566e+01
6.999723291397094727e+01
7.001717710494995117e+01
7.003717780113220215e+01
7.005713987350463867e+01
7.007688736915588379e+01
7.009692716598510742e+01
7.011719894409179688e+01
7.013694477081298828e+01
7.015687656402587891e+01
7.017692613601684570e+01
7.019758677482604980e+01
7.021717929840087891e+01
7.023690199851989746e+01
7.025715136528015137e+01
7.027723264694213867e+01
7.029722070693969727e+01
7.031727743148803711e+01
7.033719968795776367e+01
7.035694527626037598e+01
7.037693810462951660e+01
7.039717197418212891e+01
7.041712665557861328e+01
7.043716955184936523e+01
7.045689988136291504e+01
7.047727775573730469e+01
7.049699139595031738e+01
7.051693511009216309e+01
7.053691411018371582e+01
7.055738902091979980e+01
7.057699942588806152e+01
7.059702396392822266e+01
7.061711645126342773e+01
7.063704562187194824e+01
7.065706038475036621e+01
7.067698574066162109e+01
7.069692802429199219e+01
7.071692681312561035e+01
7.073696804046630859e+01
7.075697398185729980e+01
7.077701830863952637e+01
7.079690170288085938e+01
7.081688523292541504e+01
7.083693122863769531e+01
7.085696244239807129e+01
7.087688207626342773e+01
7.089691996574401855e+01
7.091695380210876465e+01
7.093700146675109863e+01
7.095707058906555176e+01
7.097757387161254883e+01
7.099730205535888672e+01
7.101777076721191406e+01
7.103715968132019043e+01
7.105702686309814453e+01
7.107701587677001953e+01
7.109697699546813965e+01
7.111692237854003906e+01
7.113699722290039062e+01
7.115690088272094727e+01
7.117703557014465332e+01
7.119692611694335938e+01
7.121692562103271484e+01
7.123694133758544922e+01
7.125699543952941895e+01
7.127698111534118652e+01
7.129691982269287109e+01
7.131694006919860840e+01
7.133801984786987305e+01
7.135700416564941406e+01
7.137703943252563477e+01
7.139693665504455566e+01
7.141693186759948730e+01
7.143692946434020996e+01
7.145687794685363770e+01
7.147810530662536621e+01
7.149694943428039551e+01
7.151689147949218750e+01
7.153689742088317871e+01
7.155690550804138184e+01
7.157693004608154297e+01
7.159689021110534668e+01
7.161693191528320312e+01
7.163762760162353516e+01
7.165695834159851074e+01
7.167700123786926270e+01
7.169743776321411133e+01
7.171765804290771484e+01
7.173771119117736816e+01
7.175751090049743652e+01
7.177774286270141602e+01
7.179775261878967285e+01
7.181769013404846191e+01
7.183767676353454590e+01
7.185776329040527344e+01
7.187769937515258789e+01
7.189761376380920410e+01
7.191764450073242188e+01
7.193763160705566406e+01
7.195775556564331055e+01
7.197763490676879883e+01
7.199721312522888184e+01
7.201689171791076660e+01
7.203695034980773926e+01
7.205690670013427734e+01
7.207692170143127441e+01
7.209706687927246094e+01
7.211724400520324707e+01
7.213722395896911621e+01
7.215716266632080078e+01
7.217727541923522949e+01
7.219729065895080566e+01
7.221728372573852539e+01
7.223727679252624512e+01
7.225732302665710449e+01
7.227719807624816895e+01
7.229723215103149414e+01
7.231723284721374512e+01
7.233734130859375000e+01
7.235733699798583984e+01
7.237722635269165039e+01
7.239730262756347656e+01
7.241729545593261719e+01
7.243733119964599609e+01
7.245729374885559082e+01
7.247732591629028320e+01
7.249735021591186523e+01
7.251727414131164551e+01
7.253733325004577637e+01
7.255730533599853516e+01
7.257740402221679688e+01
7.259727668762207031e+01
7.261718058586120605e+01
7.263727855682373047e+01
7.265715789794921875e+01
7.267727398872375488e+01
7.269731569290161133e+01
7.271729397773742676e+01
7.273715758323669434e+01
7.275733447074890137e+01
7.277770924568176270e+01
7.279734444618225098e+01
7.281734561920166016e+01
7.283728528022766113e+01
7.285735821723937988e+01
7.287772417068481445e+01
7.289720654487609863e+01
7.291721487045288086e+01
7.293709278106689453e+01
7.295780873298645020e+01
7.297723817825317383e+01
7.299760198593139648e+01
7.301728582382202148e+01
7.303731679916381836e+01
7.305728006362915039e+01
7.307739186286926270e+01
7.309727644920349121e+01
7.311730241775512695e+01
7.313730955123901367e+01
7.315724492073059082e+01
7.317727351188659668e+01
7.319719648361206055e+01
7.321734905242919922e+01
7.323724341392517090e+01
7.325720405578613281e+01
7.327721118927001953e+01
7.329731774330139160e+01
7.331729555130004883e+01
7.333727526664733887e+01
7.335730791091918945e+01
7.337751674652099609e+01
7.339729833602905273e+01
7.341728019714355469e+01
7.343731594085693359e+01
7.345731472969055176e+01
7.347716999053955078e+01
7.349729394912719727e+01
7.351738643646240234e+01
7.353740048408508301e+01
7.355736327171325684e+01
7.357740211486816406e+01
7.359767389297485352e+01
7.361722636222839355e+01
7.363717699050903320e+01
7.365726613998413086e+01
7.367716455459594727e+01
7.369725704193115234e+01
7.371724462509155273e+01
7.373725295066833496e+01
7.375731539726257324e+01
7.377735137939453125e+01
7.379768157005310059e+01
7.381725549697875977e+01
7.383731842041015625e+01
7.385715889930725098e+01
7.387733840942382812e+01
7.389732718467712402e+01
7.391704487800598145e+01
7.393770980834960938e+01
7.395732450485229492e+01
7.397662448883056641e+01
7.399676156044006348e+01
7.401661252975463867e+01
7.403662085533142090e+01
7.405659341812133789e+01
7.407658028602600098e+01
7.409658050537109375e+01
7.411655402183532715e+01
7.413667011260986328e+01
7.415657687187194824e+01
7.417662644386291504e+01
7.419662737846374512e+01
7.421657180786132812e+01
7.423657035827636719e+01
7.425657987594604492e+01
7.427660369873046875e+01
7.429659938812255859e+01
7.431665110588073730e+01
7.433664584159851074e+01
7.435717868804931641e+01
7.437715506553649902e+01
7.439717960357666016e+01
7.441721796989440918e+01
7.443718481063842773e+01
7.445723509788513184e+01
7.447725415229797363e+01
7.449717760086059570e+01
7.451719927787780762e+01
7.453718805313110352e+01
7.455723977088928223e+01
7.457713961601257324e+01
7.459714055061340332e+01
7.461725592613220215e+01
7.463738846778869629e+01
7.465727424621582031e+01
7.467732048034667969e+01
7.469726347923278809e+01
7.471734976768493652e+01
7.473726201057434082e+01
7.475729274749755859e+01
7.477735519409179688e+01
7.479726839065551758e+01
7.481728959083557129e+01
7.483731818199157715e+01
7.485731792449951172e+01
7.487726044654846191e+01
7.489715123176574707e+01
7.491714406013488770e+01
7.493717861175537109e+01
7.495716476440429688e+01
7.497727108001708984e+01
7.499737524986267090e+01
7.501738929748535156e+01
7.503725290298461914e+01
7.505715918540954590e+01
7.507718205451965332e+01
7.509724974632263184e+01
7.511725997924804688e+01
7.513721299171447754e+01
7.515719389915466309e+01
7.517724561691284180e+01
7.519723510742187500e+01
7.521727061271667480e+01
7.523720955848693848e+01
7.525709629058837891e+01
7.527730774879455566e+01
7.529738855361938477e+01
7.531736779212951660e+01
7.533753991127014160e+01
7.535739135742187500e+01
7.537736082077026367e+01
7.539733266830444336e+01
7.541724371910095215e+01
7.543738031387329102e+01
7.545725679397583008e+01
7.547720527648925781e+01
7.549728631973266602e+01
7.551740384101867676e+01
